9099 0 1720457989766656395
9099 1 1720457989813059736
9099 2 1720457989877190048
9099 3 1720457989950585435
9099 4 1720457990003898628
9099 5 1720457990903560384
9099 6 1720457990949363426
9099 7 1720457991159597581
9099 8 1720457991461080597
9099 9 1720457991506687803
9099 10 1720457991555039088
9099 11 1720457991724449342
9099 12 1720457991930790287
9099 13 1720457991981674953
9099 14 1720457992140793846
9099 15 1720457992189807933
9099 16 1720457992318622261
9099 17 1720457992372892991
9099 18 1720457992431917446
9099 19 1720457992496458957
9099 20 1720457992557290406
9099 21 1720457992669998654
9099 22 1720457992724674234
9099 23 1720457992792950422
9099 24 1720457992862780779
9099 25 1720457992921042367
9099 26 1720457992972887325
9099 27 1720457993078376775
9099 28 1720457993155412782
9099 29 1720457993233251924
9099 30 1720457993288917669
9099 31 1720457993356385530
9099 32 1720457993450526298
9099 33 1720457993504064673
9099 34 1720457993604378229
9099 35 1720457993654592761
9099 36 1720457993707690579
9099 37 1720457993764204273
9099 38 1720457993817351389
9099 39 1720457993865276519
9099 40 1720457994028195046
9099 41 1720457994109632861
9099 42 1720457994164095745
9099 43 1720457994218018730
9099 44 1720457994276554437
9099 45 1720457994334042567
9099 46 1720457994395172019
9099 47 1720457994466611118
9099 48 1720457994519736005
9099 49 1720457994576767756
9099 50 1720457994637659243
9099 51 1720457994712062939
9099 52 1720457994772664456
9099 53 1720457994837019784
9099 54 1720457994908843250
9099 55 1720457994959707951
9099 56 1720457995012031922
9099 57 1720457995081910536
9099 58 1720457995130870920
9099 59 1720457995200468651
9099 60 1720457995252952682
9099 61 1720457995331340502
9099 62 1720457995385769304
9099 63 1720457995438340363
9099 64 1720457995509029779
9099 65 1720457995564363080
9099 66 1720457995620027058
9099 67 1720457995677903092
9099 68 1720457995733433416
9099 69 1720457995790806754
9099 70 1720457995854154555
9099 71 1720457995916855358
9099 72 1720457995969720145
9099 73 1720457996026179587
9099 74 1720457996084221012
9099 75 1720457996154445418
9099 76 1720457996208801294
9099 77 1720457996266604217
9099 78 1720457996320399566
9099 79 1720457996378697116
9099 80 1720457996444549329
9099 81 1720457996495658384
9099 82 1720457996545444950
9099 83 1720457996601559028
9099 84 1720457996668584266
9099 85 1720457996721529245
9099 86 1720457996779411402
9099 87 1720457996839830895
9099 88 1720457996901782948
9099 89 1720457996958708213
9099 90 1720457997014915997
9099 91 1720457997073786103
9099 92 1720457997123918027
9099 93 1720457997170825074
9099 94 1720457997222618098
9099 95 1720457997279077419
9099 96 1720457997332276780
9099 97 1720457997394338377
9099 98 1720457997450311798
9099 99 1720457997505038278
9099 100 1720457997560371169
9099 101 1720457997615018769
9099 102 1720457997681167777
9099 103 1720457997736638592
9099 104 1720457997792725923
9099 105 1720457997842571401
9099 106 1720457997899830606
9099 107 1720457997958942255
9099 108 1720457998008175841
9099 109 1720457998061588973
9099 110 1720457998124033267
9099 111 1720457998189269250
9099 112 1720457998259272391
9099 113 1720457998307683594
9099 114 1720457998375999070
9099 115 1720457998424826748
9099 116 1720457998471857543
9099 117 1720457998523181364
9099 118 1720457998587519237
9099 119 1720457998637046756
9099 120 1720457998704042821
9099 121 1720457998752869086
9099 122 1720457998805000358
9099 123 1720457998866136121
9099 124 1720457998917403141
9099 125 1720457998977159120
9099 126 1720457999030711784
9099 127 1720457999084147923
9099 128 1720457999142558560
9099 129 1720457999203018687
9099 130 1720457999261982710
9099 131 1720457999317160282
9099 132 1720457999386604865
9099 133 1720457999439077303
9099 134 1720457999493752617
9099 135 1720457999549214593
9099 136 1720457999607030470
9099 137 1720457999664849385
9099 138 1720457999716731428
9099 139 1720457999763313793
9099 140 1720457999818505286
9099 141 1720457999889925390
9099 142 1720457999941459645
9099 143 1720457999988682920
9099 144 1720458000045062800
9099 145 1720458000110733950
9099 146 1720458000167333234
9099 147 1720458000222640574
9099 148 1720458000281398030
9099 149 1720458000338612475
9099 150 1720458000397141479
9099 151 1720458000454707173
9099 152 1720458000519597973
9099 153 1720458000577501462
9099 154 1720458000637414228
9099 155 1720458000696414788
9099 156 1720458000750017419
9099 157 1720458000811679512
9099 158 1720458000869367615
9099 159 1720458000925879124
9099 160 1720458000984558171
9099 161 1720458001041851431
9099 162 1720458001099981697
9099 163 1720458001162757026
9099 164 1720458001219829290
9099 165 1720458001292790512
9099 166 1720458001359579600
9099 167 1720458001431629634
9099 168 1720458001490403766
9099 169 1720458001545134736
9099 170 1720458001599851993
9099 171 1720458001655648436
9099 172 1720458001733908827
9099 173 1720458001790891317
9099 174 1720458001847506307
9099 175 1720458001904330282
9099 176 1720458001965004843
9099 177 1720458002010614184
9099 178 1720458002063942517
9099 179 1720458002123525125
9099 180 1720458002195154361
9099 181 1720458002246247810
9099 182 1720458002300215286
9099 183 1720458002358738253
9099 184 1720458002430015850
9099 185 1720458002480591839
9099 186 1720458002531931352
9099 187 1720458002591900077
9099 188 1720458002644925722
9099 189 1720458002697084777
9099 190 1720458002757228601
9099 191 1720458002828873930
9099 192 1720458002898754278
9099 193 1720458002968482668
9099 194 1720458003019830463
9099 195 1720458003072677760
9099 196 1720458003144655662
9099 197 1720458003202215283
9099 198 1720458003273648794
9099 199 1720458003330877711
9099 200 1720458003393731745
9099 201 1720458003451540330
9099 202 1720458003516682100
9099 203 1720458003574842363
9099 204 1720458003633157802
9099 205 1720458003687987226
9099 206 1720458003743536937
9099 207 1720458003814195757
9099 208 1720458003868456386
9099 209 1720458003926032421
9099 210 1720458003981328460
9099 211 1720458004038032008
9099 212 1720458004099638566
9099 213 1720458004174175964
9099 214 1720458004223693883
9099 215 1720458004271328521
9099 216 1720458004330123844
9099 217 1720458004399473457
9099 218 1720458004447400475
9099 219 1720458004495816912
9099 220 1720458004551633922
9099 221 1720458004612986554
9099 222 1720458004661725967
9099 223 1720458004711104471
9099 224 1720458004766023157
9099 225 1720458004826097836
9099 226 1720458004899098403
9099 227 1720458004954123157
9099 228 1720458005010325449
9099 229 1720458005056713168
9099 230 1720458005108303772
9099 231 1720458005181078340
9099 232 1720458005233879868
9099 233 1720458005287644456
9099 234 1720458005335693262
9099 235 1720458005384177890
9099 236 1720458005442861229
9099 237 1720458005510863058
9099 238 1720458005582643255
9099 239 1720458005653875695
9099 240 1720458005704768110
9099 241 1720458005764083629
9099 242 1720458005813632978
9099 243 1720458005863590905
9099 244 1720458005923392801
9099 245 1720458005972966778
9099 246 1720458006018462448
9099 247 1720458006068698208
9099 248 1720458006115107066
9099 249 1720458006162949671
9099 250 1720458006221560697
9099 251 1720458006271251863
9099 252 1720458006318848423
9099 253 1720458006375877383
9099 254 1720458006426537007
9099 255 1720458006476847672
9099 256 1720458006543933959
9099 257 1720458006592579445
9099 258 1720458006641868891
9099 259 1720458006694705713
9099 260 1720458006760270794
9099 261 1720458006811950423
9099 262 1720458006865051944
9099 263 1720458006922449419
9099 264 1720458006974199428
9099 265 1720458007028815066
9099 266 1720458007087971225
9099 267 1720458007143367902
9099 268 1720458007199914741
9099 269 1720458007260009110
9099 270 1720458007308661332
9099 271 1720458007359607729
9099 272 1720458007420497558
9099 273 1720458007481560426
9099 274 1720458007554008311
9099 275 1720458007610751490
9099 276 1720458007675128657
9099 277 1720458007733630164
9099 278 1720458007796656876
9099 279 1720458007843146892
9099 280 1720458007900195437
9099 281 1720458007963357252
9099 282 1720458008021033936
9099 283 1720458008091412366
9099 284 1720458008142506825
9099 285 1720458008195370559
9099 286 1720458008261655318
9099 287 1720458008311120566
9099 288 1720458008361179083
9099 289 1720458008421743249
9099 290 1720458008493147344
9099 291 1720458008548068399
9099 292 1720458008604272798
9099 293 1720458008664679989
9099 294 1720458008724043799
9099 295 1720458008786468891
9099 296 1720458008846292691
9099 297 1720458008914078428
9099 298 1720458008977915243
9099 299 1720458009038334378
9099 300 1720458009096471734
9099 301 1720458009159172943
9099 302 1720458009214767632
9099 303 1720458009272219848
9099 304 1720458009326914689
9099 305 1720458009411046783
9099 306 1720458009461590088
9099 307 1720458009520222100
9099 308 1720458009591820975
9099 309 1720458009661799896
9099 310 1720458009714325161
9099 311 1720458009774496243
9099 312 1720458009844486878
9099 313 1720458009897256897
9099 314 1720458009967269837
9099 315 1720458010022947036
9099 316 1720458010079803372
9099 317 1720458010136136163
9099 318 1720458010197396872
9099 319 1720458010265862565
9099 320 1720458010317444495
9099 321 1720458010374407888
9099 322 1720458010423151666
9099 323 1720458010472653117
9099 324 1720458010530608390
9099 325 1720458010590572538
9099 326 1720458010640056811
9099 327 1720458010692289118
9099 328 1720458010763972411
9099 329 1720458010816718425
9099 330 1720458010873018560
9099 331 1720458010931517419
9099 332 1720458010985499032
9099 333 1720458011046909508
9099 334 1720458011109168179
9099 335 1720458011162412688
9099 336 1720458011211739775
9099 337 1720458011257724853
9099 338 1720458011309741537
9099 339 1720458011365831895
9099 340 1720458011419131936
9099 341 1720458011466682317
9099 342 1720458011514928033
9099 343 1720458011572658601
9099 344 1720458011646414768
9099 345 1720458011705911670
9099 346 1720458011748968537
9099 347 1720458011793982827
9099 348 1720458011851019215
9099 349 1720458011899136645
9099 350 1720458011946143121
9099 351 1720458011995071480
9099 352 1720458012047680809
9099 353 1720458012103045959
9099 354 1720458012152159038
9099 355 1720458012198713262
9099 356 1720458012251213465
9099 357 1720458012298604655
9099 358 1720458012342036314
9099 359 1720458012400435237
9099 360 1720458012454732596
9099 361 1720458012510335646
9099 362 1720458012562585301
9099 363 1720458012612678338
9099 364 1720458012664514505
9099 365 1720458012716488262
9099 366 1720458012775565748
9099 367 1720458012830675355
9099 368 1720458012885109577
9099 369 1720458012939462212
9099 370 1720458012990073072
9099 371 1720458013041823520
9099 372 1720458013099653957
9099 373 1720458013162309817
9099 374 1720458013223252873
9099 375 1720458013277099238
9099 376 1720458013322510678
9099 377 1720458013371888065
9099 378 1720458013434278470
9099 379 1720458013486916017
9099 380 1720458013538382569
9099 381 1720458013611621528
9099 382 1720458013664596218
9099 383 1720458013721395287
9099 384 1720458013777154090
9099 385 1720458013836237505
9099 386 1720458013888969944
9099 387 1720458013948571878
9099 388 1720458014004508830
9099 389 1720458014058809360
9099 390 1720458014111657653
9099 391 1720458014174635238
9099 392 1720458014226136707
9099 393 1720458014271307186
9099 394 1720458014316427881
9099 395 1720458014405619396
9099 396 1720458014459528014
9099 397 1720458014515612108
9099 398 1720458014578218834
9099 399 1720458014627844717
9099 400 1720458014680467734
9099 401 1720458014737604204
9099 402 1720458014789495201
9099 403 1720458014839675450
9099 404 1720458014902024777
9099 405 1720458014951079272
9099 406 1720458014995852796
9099 407 1720458015048854659
9099 408 1720458015112498077
9099 409 1720458015158299345
9099 410 1720458015204928386
9099 411 1720458015265285758
9099 412 1720458015321259816
9099 413 1720458015381833350
9099 414 1720458015435653914
9099 415 1720458015495032315
9099 416 1720458015550179744
9099 417 1720458015607325895
9099 418 1720458015668267500
9099 419 1720458015731121166
9099 420 1720458015781203795
9099 421 1720458015834086417
9099 422 1720458017149667468
9099 423 1720458017196473735
9099 424 1720458017248424364
9099 425 1720458017318807976
9099 426 1720458017382355518
9099 427 1720458017435955269
9099 428 1720458017487248485
9099 429 1720458017547708296
9099 430 1720458017613307835
9099 431 1720458017668360005
9099 432 1720458017723649718
9099 433 1720458017786697995
9099 434 1720458017841562207
9099 435 1720458017902666881
9099 436 1720458017957536717
9099 437 1720458018001560095
9099 438 1720458018058911389
9099 439 1720458018117918753
9099 440 1720458018170705640
9099 441 1720458018224436192
9099 442 1720458018285858436
9099 443 1720458018338857786
9099 444 1720458018398468926
9099 445 1720458018454807175
9099 446 1720458018519159113
9099 447 1720458018571334050
9099 448 1720458018621546494
9099 449 1720458018673588497
9099 450 1720458018727554618
9099 451 1720458018788884380
9099 452 1720458018844061756
9099 453 1720458018899622792
9099 454 1720458018953500403
9099 455 1720458019014251266
9099 456 1720458019068423818
9099 457 1720458019118101859
9099 458 1720458019175931865
9099 459 1720458019234094691
9099 460 1720458019287536846
9099 461 1720458019347312286
9099 462 1720458019403055818
9099 463 1720458019465181542
9099 464 1720458019517823170
9099 465 1720458019569957973
9099 466 1720458019628426855
9099 467 1720458019677338682
9099 468 1720458019725691528
9099 469 1720458019779292577
9099 470 1720458019840129320
9099 471 1720458019893589282
9099 472 1720458019951141324
9099 473 1720458020010467447
9099 474 1720458020068081010
9099 475 1720458020116174532
9099 476 1720458020162971276
9099 477 1720458020216791968
9099 478 1720458020275917305
9099 479 1720458020326522082
9099 480 1720458020379539432
9099 481 1720458020438289348
9099 482 1720458020496105537
9099 483 1720458020548694098
9099 484 1720458020593570537
9099 485 1720458020637665581
9099 486 1720458020688659165
9099 487 1720458020747317722
9099 488 1720458020797608574
9099 489 1720458020850775881
9099 490 1720458020914627992
9099 491 1720458020968491578
9099 492 1720458021022196976
9099 493 1720458021081099970
9099 494 1720458021133849888
9099 495 1720458021189537930
9099 496 1720458021238541628
9099 497 1720458021282850272
9099 498 1720458021327046737
9099 499 1720458021373229354
9099 500 1720458021432335891
9099 501 1720458021486495480
9099 502 1720458021539376387
9099 503 1720458021593679455
9099 504 1720458021647486724
9099 505 1720458021708993316
9099 506 1720458021762899170
9099 507 1720458021820789898
9099 508 1720458021874370799
9099 509 1720458021935744951
9099 510 1720458021993283732
9099 511 1720458022054391352
9099 512 1720458022111146612
9099 513 1720458022166243363
9099 514 1720458022220543469
9099 515 1720458022277620047
9099 516 1720458022332717250
9099 517 1720458022386454850
9099 518 1720458022442519394
9099 519 1720458022498517458
9099 520 1720458022558340545
9099 521 1720458022611282679
9099 522 1720458022660003856
9099 523 1720458022710220305
9099 524 1720458022763719815
9099 525 1720458022815783106
9099 526 1720458022869152537
9099 527 1720458022935862709
9099 528 1720458022983374042
9099 529 1720458023027774035
9099 530 1720458023078790867
9099 531 1720458023148303514
9099 532 1720458023198255986
9099 533 1720458023252305453
9099 534 1720458023309217871
9099 535 1720458023363980442
9099 536 1720458023418789886
9099 537 1720458023479883016
9099 538 1720458023539013127
9099 539 1720458023603282762
9099 540 1720458023656380753
9099 541 1720458023717418751
9099 542 1720458023775240723
9099 543 1720458023835020229
9099 544 1720458023895683414
9099 545 1720458023952159007
9099 546 1720458024006182899
9099 547 1720458024063408552
9099 548 1720458024123268772
9099 549 1720458024185963491
9099 550 1720458024239730353
9099 551 1720458024297656180
9099 552 1720458024352370814
9099 553 1720458024436054455
9099 554 1720458024480758335
9099 555 1720458024524283550
9099 556 1720458024573416934
9099 557 1720458024635878745
9099 558 1720458024690496370
9099 559 1720458025851073594
9099 560 1720458025894952811
9099 561 1720458025939512668
9099 562 1720458025998350195
9099 563 1720458026061441218
9099 564 1720458026115591601
9099 565 1720458026176120769
9099 566 1720458026230998395
9099 567 1720458026283945211
9099 568 1720458026347706550
9099 569 1720458026407837543
9099 570 1720458026466351106
9099 571 1720458026520627859
9099 572 1720458026573130589
9099 573 1720458026630590278
9099 574 1720458026693063376
9099 575 1720458026747921616
9099 576 1720458026805769277
9099 577 1720458026857237393
9099 578 1720458026907790040
9099 579 1720458026967808274
9099 580 1720458027018997177
9099 581 1720458027071383861
9099 582 1720458027125029257
9099 583 1720458027178272657
9099 584 1720458027245186504
9099 585 1720458027298514420
9099 586 1720458027351814911
9099 587 1720458027415271528
9099 588 1720458027464326075
9099 589 1720458027524770525
9099 590 1720458027598140170
9099 591 1720458027643777532
9099 592 1720458027686978760
9099 593 1720458027737361706
9099 594 1720458027799999024
9099 595 1720458027848229937
9099 596 1720458027891120286
9099 597 1720458027941583163
9099 598 1720458028011076152
9099 599 1720458028059069354
9099 600 1720458028150818325
9099 601 1720458028210955738
9099 602 1720458028271405077
9099 603 1720458028335015327
9099 604 1720458028399713728
9099 605 1720458028450247528
9099 606 1720458028498250317
9099 607 1720458028558688786
9099 608 1720458028622020319
9099 609 1720458028674599752
9099 610 1720458028728865063
9099 611 1720458028790459551
9099 612 1720458028844452751
9099 613 1720458028900959499
9099 614 1720458028965060931
9099 615 1720458029025138728
9099 616 1720458029074889391
9099 617 1720458029135103047
9099 618 1720458029193735755
9099 619 1720458029251219578
9099 620 1720458029307186089
9099 621 1720458029361917851
9099 622 1720458029439632839
9099 623 1720458029494226751
9099 624 1720458029549083878
9099 625 1720458029603401113
9099 626 1720458029662417490
9099 627 1720458029715547021
9099 628 1720458029785176205
9099 629 1720458029840329203
9099 630 1720458029897175830
9099 631 1720458029948297191
9099 632 1720458030000711752
9099 633 1720458030063446547
9099 634 1720458030116945377
9099 635 1720458030185203136
9099 636 1720458030238045575
9099 637 1720458030304443101
9099 638 1720458030357510988
9099 639 1720458030412917528
9099 640 1720458030475316172
9099 641 1720458030531895072
9099 642 1720458030589938171
9099 643 1720458030643944269
9099 644 1720458030695578741
9099 645 1720458030743515266
9099 646 1720458030800978426
9099 647 1720458030850420500
9099 648 1720458030897825902
9099 649 1720458030956857927
9099 650 1720458031016634808
9099 651 1720458031066105376
9099 652 1720458031116892100
9099 653 1720458031178176079
9099 654 1720458031235970547
9099 655 1720458031294263667
9099 656 1720458031351432205
9099 657 1720458031410461157
9099 658 1720458031464387427
9099 659 1720458031510635181
9099 660 1720458031558971141
9099 661 1720458031615625369
9099 662 1720458031664918164
9099 663 1720458031713848234
9099 664 1720458031769732547
9099 665 1720458031845305292
9099 666 1720458031896057267
9099 667 1720458031950703902
9099 668 1720458032009584928
9099 669 1720458032058834273
9099 670 1720458032107151737
9099 671 1720458032160727558
9099 672 1720458032233980962
9099 673 1720458032286048128
9099 674 1720458032337673111
9099 675 1720458032396151370
9099 676 1720458032453386709
9099 677 1720458032511580440
9099 678 1720458032573094316
9099 679 1720458032630211075
9099 680 1720458032701444598
9099 681 1720458032756208444
9099 682 1720458032815371135
9099 683 1720458032875172545
9099 684 1720458032933118485
9099 685 1720458032993609771
9099 686 1720458033047315190
9099 687 1720458033095288319
9099 688 1720458033147402500
9099 689 1720458033208495252
9099 690 1720458033258229280
9099 691 1720458033307767719
9099 692 1720458033370794411
9099 693 1720458033445051075
9099 694 1720458033498513867
9099 695 1720458033553670585
9099 696 1720458034504130330
9099 697 1720458034553724371
9099 698 1720458034607902005
9099 699 1720458034656613009
9099 700 1720458034707166045
9099 701 1720458034766575947
9099 702 1720458034818423675
9099 703 1720458034871145916
9099 704 1720458034942737082
9099 705 1720458034994415432
9099 706 1720458035040659704
9099 707 1720458035086612319
9099 708 1720458035142179356
9099 709 1720458035210676846
9099 710 1720458035262850472
9099 711 1720458035316145448
9099 712 1720458035366772371
9099 713 1720458035417975744
9099 714 1720458035475710152
9099 715 1720458035543009847
9099 716 1720458035594992857
9099 717 1720458035664429290
9099 718 1720458035715371716
9099 719 1720458035767439564
9099 720 1720458035823465252
9099 721 1720458035879209224
9099 722 1720458035927641652
9099 723 1720458035980242496
9099 724 1720458036038947416
9099 725 1720458036092189522
9099 726 1720458036147267223
9099 727 1720458036214614255
9099 728 1720458036262032198
9099 729 1720458036326667908
9099 730 1720458036378768642
9099 731 1720458036425488799
9099 732 1720458036473990659
9099 733 1720458036528525159
9099 734 1720458036592711463
9099 735 1720458036652931563
9099 736 1720458036706065518
9099 737 1720458036756021764
9099 738 1720458036803573083
9099 739 1720458036856342485
9099 740 1720458036916959974
9099 741 1720458036969013384
9099 742 1720458037020603071
9099 743 1720458037077048414
9099 744 1720458037126188867
9099 745 1720458037173970960
9099 746 1720458037226285315
9099 747 1720458037280120390
9099 748 1720458037338441400
9099 749 1720458037391867267
9099 750 1720458037437382168
9099 751 1720458037485750053
9099 752 1720458037540305552
9099 753 1720458037590240949
9099 754 1720458037637924544
9099 755 1720458037692095044
9099 756 1720458037756207695
9099 757 1720458037808957418
9099 758 1720458037869137092
9099 759 1720458037929505524
9099 760 1720458037985828782
9099 761 1720458038045381232
9099 762 1720458038101387022
9099 763 1720458038157951460
9099 764 1720458038221896990
9099 765 1720458038278228762
9099 766 1720458038350814145
9099 767 1720458038421914580
9099 768 1720458038476837014
9099 769 1720458038533427180
9099 770 1720458038601212507
9099 771 1720458038659040662
9099 772 1720458038716602822
9099 773 1720458038776610137
9099 774 1720458038830728639
9099 775 1720458038884339210
9099 776 1720458038934212281
9099 777 1720458038988792178
9099 778 1720458039046000536
9099 779 1720458039103287764
9099 780 1720458039162025661
9099 781 1720458039215597320
9099 782 1720458039263411105
9099 783 1720458039343650833
9099 784 1720458039400200213
9099 785 1720458039454918895
9099 786 1720458039516100050
9099 787 1720458039579258284
9099 788 1720458039632437189
9099 789 1720458039691926541
9099 790 1720458039746718664
9099 791 1720458039811266070
9099 792 1720458039866674576
9099 793 1720458039915194021
9099 794 1720458039964076812
9099 795 1720458040013835863
9099 796 1720458040062806361
9099 797 1720458040110808663
9099 798 1720458040163901330
9099 799 1720458040225481090
9099 800 1720458040279978379
9099 801 1720458040326730264
9099 802 1720458040379356160
9099 803 1720458040442565381
9099 804 1720458040495587744
9099 805 1720458040542484739
9099 806 1720458040593222515
9099 807 1720458040652717769
9099 808 1720458040701959700
9099 809 1720458040750388666
9099 810 1720458040821518323
9099 811 1720458040872697370
9099 812 1720458040941233275
9099 813 1720458040995012284
9099 814 1720458041053708134
9099 815 1720458041102739102
9099 816 1720458041152026848
9099 817 1720458041208889666
9099 818 1720458041268406148
9099 819 1720458041316625588
9099 820 1720458041366976113
9099 821 1720458041428338802
9099 822 1720458041488283475
9099 823 1720458041539537884
9099 824 1720458041593752799
9099 825 1720458041664768345
9099 826 1720458041722943128
9099 827 1720458041776654560
9099 828 1720458041832959159
9099 829 1720458041892604838
9099 830 1720458041950559863
9099 831 1720458042000244833
9099 832 1720458042051433294
9099 833 1720458042108992870
9099 834 1720458042176093722
9099 835 1720458042230857182
9099 836 1720458042283221388
9099 837 1720458042337236026
9099 838 1720458042398579157
9099 839 1720458042452852395
9099 840 1720458042505472535
9099 841 1720458042575163264
9099 842 1720458042628541624
9099 843 1720458042682588228
9099 844 1720458042741248211
9099 845 1720458042799112367
9099 846 1720458042848246018
9099 847 1720458042897228047
9099 848 1720458042945835677
9099 849 1720458042998959675
9099 850 1720458043060224149
9099 851 1720458043127115715
9099 852 1720458043174247929
9099 853 1720458043225674263
9099 854 1720458043273383150
9099 855 1720458043320654918
9099 856 1720458043372434263
9099 857 1720458043429816111
9099 858 1720458043491480358
9099 859 1720458043545326452
9099 860 1720458043601720163
9099 861 1720458043651220079
9099 862 1720458043711305789
9099 863 1720458043769449960
9099 864 1720458043828355404
9099 865 1720458043883309613
9099 866 1720458043940541776
9099 867 1720458044017680506
9099 868 1720458044070131816
9099 869 1720458044122096637
9099 870 1720458044175273504
9099 871 1720458044235214227
9099 872 1720458044287881851
9099 873 1720458044336370609
9099 874 1720458044415991579
9099 875 1720458044473336167
9099 876 1720458044521520315
9099 877 1720458044574126813
9099 878 1720458044639931389
9099 879 1720458044693942811
9099 880 1720458044751852290
9099 881 1720458044817552511
9099 882 1720458044869586126
9099 883 1720458044925854887
9099 884 1720458044985665937
9099 885 1720458045035474073
9099 886 1720458045084838632
9099 887 1720458045141415212
9099 888 1720458045217113290
9099 889 1720458045266673138
9099 890 1720458045320828144
9099 891 1720458045382223294
9099 892 1720458045435966142
9099 893 1720458045489593526
9099 894 1720458045540126882
9099 895 1720458045588677818
9099 896 1720458045645883515
9099 897 1720458045698787101
9099 898 1720458045749420294
9099 899 1720458045800133680
9099 900 1720458045860971495
9099 901 1720458045915949757
9099 902 1720458045971093431
9099 903 1720458046041731789
9099 904 1720458046096288691
9099 905 1720458046150283313
9099 906 1720458046198594023
9099 907 1720458046247577141
9099 908 1720458046307941493
9099 909 1720458046362075109
9099 910 1720458046417569132
9099 911 1720458046485994241
9099 912 1720458046537363590
9099 913 1720458046589462477
9099 914 1720458046656697815
9099 915 1720458046710224840
9099 916 1720458046767895264
9099 917 1720458046829291010
9099 918 1720458046885961095
9099 919 1720458046934487553
9099 920 1720458046982963979
9099 921 1720458047039706538
9099 922 1720458047099983484
9099 923 1720458047170402845
9099 924 1720458047220651827
9099 925 1720458047275299724
9099 926 1720458047324296587
9099 927 1720458047375038699
9099 928 1720458047437135414
9099 929 1720458047492655805
9099 930 1720458047541423110
9099 931 1720458047592416775
9099 932 1720458047659843561
9099 933 1720458047720286080
9099 934 1720458047767732866
9099 935 1720458047817305976
9099 936 1720458047877064105
9099 937 1720458047927534921
9099 938 1720458047976925011
9099 939 1720458048033371790
9099 940 1720458048098496686
9099 941 1720458048154015118
9099 942 1720458048213634575
9099 943 1720458048273686187
9099 944 1720458048325119803
9099 945 1720458048374237610
9099 946 1720458048430856494
9099 947 1720458048492644476
9099 948 1720458048542161410
9099 949 1720458048592106357
9099 950 1720458048646137242
9099 951 1720458048714612184
9099 952 1720458048763332340
9099 953 1720458048814942449
9099 954 1720458048877890805
9099 955 1720458048928032656
9099 956 1720458048977354441
9099 957 1720458049033751598
9099 958 1720458049095175113
9099 959 1720458049154194975
9099 960 1720458049208981903
9099 961 1720458049267281400
9099 962 1720458049327633095
9099 963 1720458049383626481
9099 964 1720458049438242895
9099 965 1720458049488188147
9099 966 1720458049545300014
9099 967 1720458049609257260
9099 968 1720458049671717698
9099 969 1720458049722875984
9099 970 1720458049776057539
9099 971 1720458049830605348
9099 972 1720458049888568023
9099 973 1720458049942637419
9099 974 1720458050014572091
9099 975 1720458050065311601
9099 976 1720458050117388915
9099 977 1720458050166768548
9099 978 1720458050218441249
9099 979 1720458050284164444
9099 980 1720458050340263228
9099 981 1720458050408908513
9099 982 1720458050460787550
9099 983 1720458050512511226
9099 984 1720458050583152959
9099 985 1720458050635162186
9099 986 1720458050692158290
9099 987 1720458050764601058
9099 988 1720458050815023267
9099 989 1720458050867864879
9099 990 1720458050935482044
9099 991 1720458050986432298
9099 992 1720458051033085020
9099 993 1720458051084812858
9099 994 1720458051132860195
9099 995 1720458051182105135
9099 996 1720458051250513161
9099 997 1720458051308589548
9099 998 1720458051380748518
9099 999 1720458051433755930
9099 1000 1720458051488008915
9099 1001 1720458051537127202
9099 1002 1720458051585680007
9099 1003 1720458051640723017
9099 1004 1720458051691500328
9099 1005 1720458051737343506
9099 1006 1720458051785273525
9099 1007 1720458051839376035
9099 1008 1720458052678406678
9099 1009 1720458052737104489
9099 1010 1720458052810388513
9099 1011 1720458052882249472
9099 1012 1720458052932620928
9099 1013 1720458052986667678
9099 1014 1720458053043667931
9099 1015 1720458053104170631
9099 1016 1720458053159221915
9099 1017 1720458053226243881
9099 1018 1720458053279509716
9099 1019 1720458053339669031
9099 1020 1720458053393523054
9099 1021 1720458053466501040
9099 1022 1720458053519403882
9099 1023 1720458053576405006
9099 1024 1720458053648090698
9099 1025 1720458053704094963
9099 1026 1720458053762794150
9099 1027 1720458053818018421
9099 1028 1720458053873931930
9099 1029 1720458053944031992
9099 1030 1720458053998522938
9099 1031 1720458054048118204
9099 1032 1720458054100297744
9099 1033 1720458054167638693
9099 1034 1720458054228194651
9099 1035 1720458054286412283
9099 1036 1720458054342314728
9099 1037 1720458054400825479
9099 1038 1720458054472656528
9099 1039 1720458054523651929
9099 1040 1720458054577511868
9099 1041 1720458054635661565
9099 1042 1720458054694381054
9099 1043 1720458054754379085
9099 1044 1720458054815544675
9099 1045 1720458054871940191
9099 1046 1720458054929885534
9099 1047 1720458054989738824
9099 1048 1720458055041069446
9099 1049 1720458055095716533
9099 1050 1720458055148886619
9099 1051 1720458055198991409
9099 1052 1720458055250495008
9099 1053 1720458055307368572
9099 1054 1720458055364120137
9099 1055 1720458055413680771
9099 1056 1720458055467053939
9099 1057 1720458055529474637
9099 1058 1720458055595912139
9099 1059 1720458055669638100
9099 1060 1720458055722042813
9099 1061 1720458055780386072
9099 1062 1720458055854439216
9099 1063 1720458055906760871
9099 1064 1720458055969985625
9099 1065 1720458056045281378
9099 1066 1720458056095475532
9099 1067 1720458056152117791
9099 1068 1720458056209244142
9099 1069 1720458056269289523
9099 1070 1720458056332461404
9099 1071 1720458056386876451
9099 1072 1720458056459470672
9099 1073 1720458056512440941
9099 1074 1720458056564488692
9099 1075 1720458056612592477
9099 1076 1720458056666223346
9099 1077 1720458056725808899
9099 1078 1720458056778707511
9099 1079 1720458056849901325
9099 1080 1720458056904438621
9099 1081 1720458057940742051
9099 1082 1720458057995442801
9099 1083 1720458058051640166
9099 1084 1720458058114456636
9099 1085 1720458058161302826
9099 1086 1720458058212311995
9099 1087 1720458058268136536
9099 1088 1720458058316607109
9099 1089 1720458058367936470
9099 1090 1720458058430234301
9099 1091 1720458058483218274
9099 1092 1720458058537432537
9099 1093 1720458058605652848
9099 1094 1720458058661962746
9099 1095 1720458058715707422
9099 1096 1720458058763469496
9099 1097 1720458058814539115
9099 1098 1720458058873298003
9099 1099 1720458058929864711
9099 1100 1720458058977777572
9099 1101 1720458059027342503
9099 1102 1720458059089645164
9099 1103 1720458059140462783
9099 1104 1720458059189720110
9099 1105 1720458059243599655
9099 1106 1720458059301217956
9099 1107 1720458059358529373
9099 1108 1720458059410497547
9099 1109 1720458059458456533
9099 1110 1720458059510458617
9099 1111 1720458059570409887
9099 1112 1720458059625136969
9099 1113 1720458059694552023
9099 1114 1720458059745660166
9099 1115 1720458059795843451
9099 1116 1720458059852069569
9099 1117 1720458059917052308
9099 1118 1720458059972228112
9099 1119 1720458060024742069
9099 1120 1720458060079082649
9099 1121 1720458060131124310
9099 1122 1720458060182886031
9099 1123 1720458060231990883
9099 1124 1720458060284672359
9099 1125 1720458060342887609
9099 1126 1720458060401539435
9099 1127 1720458060457972291
9099 1128 1720458060528709397
9099 1129 1720458060580797282
9099 1130 1720458060628395487
9099 1131 1720458060677718018
9099 1132 1720458060732068896
9099 1133 1720458060794529991
9099 1134 1720458060844895012
9099 1135 1720458060891698952
9099 1136 1720458060941699761
9099 1137 1720458060999227166
9099 1138 1720458061046250660
9099 1139 1720458061098769713
9099 1140 1720458061160022283
9099 1141 1720458061214417837
9099 1142 1720458061270094623
9099 1143 1720458061328515788
9099 1144 1720458061380944037
9099 1145 1720458061436533816
9099 1146 1720458061498617786
9099 1147 1720458061559781191
9099 1148 1720458061620751912
9099 1149 1720458061675450534
9099 1150 1720458061736814772
9099 1151 1720458061792966091
9099 1152 1720458061850201301
9099 1153 1720458061903915287
9099 1154 1720458061951675198
9099 1155 1720458062008856391
9099 1156 1720458062071149497
9099 1157 1720458062121418951
9099 1158 1720458062168295617
9099 1159 1720458062220656446
9099 1160 1720458062277096045
9099 1161 1720458062335554976
9099 1162 1720458062382341314
9099 1163 1720458062434301388
9099 1164 1720458062489199324
9099 1165 1720458062538067414
9099 1166 1720458062589028235
9099 1167 1720458062647418173
9099 1168 1720458062705563610
9099 1169 1720458062762504415
9099 1170 1720458062813473401
9099 1171 1720458062861632257
9099 1172 1720458062916871635
9099 1173 1720458062979146395
9099 1174 1720458063032928100
9099 1175 1720458063089838751
9099 1176 1720458063149287157
9099 1177 1720458063200042345
9099 1178 1720458063249480712
9099 1179 1720458063310837219
9099 1180 1720458063369356753
9099 1181 1720458063427390909
9099 1182 1720458063480339332
9099 1183 1720458063528490267
9099 1184 1720458063581493129
9099 1185 1720458063647771712
9099 1186 1720458063707759145
9099 1187 1720458063758646047
9099 1188 1720458063808786117
9099 1189 1720458063867965834
9099 1190 1720458063930029346
9099 1191 1720458063984626185
9099 1192 1720458064043113190
9099 1193 1720458064097992925
9099 1194 1720458064154377155
9099 1195 1720458064215849424
9099 1196 1720458064272428443
9099 1197 1720458064320395415
9099 1198 1720458064374982603
9099 1199 1720458064436321713
9099 1200 1720458064519766069
9099 1201 1720458064570131274
9099 1202 1720458064629431917
9099 1203 1720458064678924744
9099 1204 1720458064728111587
9099 1205 1720458064786297204
9099 1206 1720458064847144721
9099 1207 1720458064902065001
9099 1208 1720458064960546411
9099 1209 1720458065033598289
9099 1210 1720458065086326573
9099 1211 1720458065141890954
9099 1212 1720458065200899133
9099 1213 1720458065256957459
9099 1214 1720458065314589289
9099 1215 1720458065373464432
9099 1216 1720458065446055742
9099 1217 1720458065501084543
9099 1218 1720458065558208386
9099 1219 1720458065607410523
9099 1220 1720458065658465152
9099 1221 1720458065720251393
9099 1222 1720458065773016477
9099 1223 1720458065823273161
9099 1224 1720458065870319774
9099 1225 1720458065921836938
9099 1226 1720458065981323501
9099 1227 1720458066030578420
9099 1228 1720458066079032634
9099 1229 1720458066132405294
9099 1230 1720458066202569318
9099 1231 1720458066256053761
9099 1232 1720458066303554291
9099 1233 1720458066354242072
9099 1234 1720458066425064607
9099 1235 1720458066476789064
9099 1236 1720458066530008036
9099 1237 1720458066585518641
9099 1238 1720458066643830287
9099 1239 1720458066705263071
9099 1240 1720458066753693939
9099 1241 1720458066799732927
9099 1242 1720458066851180915
9099 1243 1720458066909820332
9099 1244 1720458066967519154
9099 1245 1720458067021874781
9099 1246 1720458067069948105
9099 1247 1720458067116219206
9099 1248 1720458067164337138
9099 1249 1720458067221655556
9099 1250 1720458067286109358
9099 1251 1720458067342071363
9099 1252 1720458067411864900
9099 1253 1720458067462482028
9099 1254 1720458067511919458
9099 1255 1720458067568311839
9099 1256 1720458067630166408
9099 1257 1720458067701021704
9099 1258 1720458067763513174
9099 1259 1720458067813897729
9099 1260 1720458067867743103
9099 1261 1720458067930865533
9099 1262 1720458068002410348
9099 1263 1720458068052186382
9099 1264 1720458068100600931
9099 1265 1720458068167235377
9099 1266 1720458068218402243
9099 1267 1720458068272417996
9099 1268 1720458068330891217
9099 1269 1720458068377555587
9099 1270 1720458068427714937
9099 1271 1720458068495539830
9099 1272 1720458068562930745
9099 1273 1720458068617833855
9099 1274 1720458068676932348
9099 1275 1720458068731227520
9099 1276 1720458068785127166
9099 1277 1720458068842039292
9099 1278 1720458068898308919
9099 1279 1720458068961191004
9099 1280 1720458069014144447
9099 1281 1720458069069391576
9099 1282 1720458069131998401
9099 1283 1720458069187577743
9099 1284 1720458069242147886
9099 1285 1720458069299981159
9099 1286 1720458069352629198
9099 1287 1720458069408446575
9099 1288 1720458069470924959
9099 1289 1720458069525563511
9099 1290 1720458069573151902
9099 1291 1720458069624227251
9099 1292 1720458069686223458
9099 1293 1720458069732197692
9099 1294 1720458069781199179
9099 1295 1720458069847715906
9099 1296 1720458069914069931
9099 1297 1720458069966802858
9099 1298 1720458070016726873
9099 1299 1720458070075244943
9099 1300 1720458070133603185
9099 1301 1720458070195126196
9099 1302 1720458070250441372
9099 1303 1720458070311872301
9099 1304 1720458070371643872
9099 1305 1720458070426839349
9099 1306 1720458070490530298
9099 1307 1720458070540024845
9099 1308 1720458070589074233
9099 1309 1720458070643858992
9099 1310 1720458070696338785
9099 1311 1720458070747208673
9099 1312 1720458070810847369
9099 1313 1720458070860395559
9099 1314 1720458070913183056
9099 1315 1720458070986292725
9099 1316 1720458071040224019
9099 1317 1720458071088436237
9099 1318 1720458071145567843
9099 1319 1720458071215244993
9099 1320 1720458071264512119
9099 1321 1720458071314240722
9099 1322 1720458071371624494
9099 1323 1720458071435999405
9099 1324 1720458071505367836
9099 1325 1720458071556322620
9099 1326 1720458071612764708
9099 1327 1720458071685497280
9099 1328 1720458071740645886
9099 1329 1720458071800105334
9099 1330 1720458071859098417
9099 1331 1720458071917766947
9099 1332 1720458071972346257
9099 1333 1720458072042059485
9099 1334 1720458072099867534
9099 1335 1720458072149640782
9099 1336 1720458072201052249
9099 1337 1720458072248291616
9099 1338 1720458072295133096
9099 1339 1720458072349900655
9099 1340 1720458072423192603
9099 1341 1720458072496346676
9099 1342 1720458072553703204
9099 1343 1720458072623930489
9099 1344 1720458072694318547
9099 1345 1720458072746276975
9099 1346 1720458072803163023
9099 1347 1720458072851405454
9099 1348 1720458072900636482
9099 1349 1720458072959518724
9099 1350 1720458073016682165
9099 1351 1720458073072499999
9099 1352 1720458073126556388
9099 1353 1720458073183274940
9099 1354 1720458073240626712
9099 1355 1720458073295509725
9099 1356 1720458073350556205
9099 1357 1720458073398915892
9099 1358 1720458073446457386
9099 1359 1720458073504676615
9099 1360 1720458073555052847
9099 1361 1720458073600966934
9099 1362 1720458073655830905
9099 1363 1720458073720210495
9099 1364 1720458073771853551
9099 1365 1720458073825496308
9099 1366 1720458073888072029
9099 1367 1720458073946646099
9099 1368 1720458074002435709
9099 1369 1720458074060393362
9099 1370 1720458074114057031
9099 1371 1720458074169931723
9099 1372 1720458074232907835
9099 1373 1720458074292352507
9099 1374 1720458074351237699
9099 1375 1720458074420774685
9099 1376 1720458074467279718
9099 1377 1720458074516311527
9099 1378 1720458074574634217
9099 1379 1720458074635000718
9099 1380 1720458074687831770
9099 1381 1720458074735813064
9099 1382 1720458074785735507
9099 1383 1720458074843959151
9099 1384 1720458074897104154
9099 1385 1720458074948300191
9099 1386 1720458075002343844
9099 1387 1720458075057659538
9099 1388 1720458075122219517
9099 1389 1720458075173343814
9099 1390 1720458075220140996
9099 1391 1720458075271711338
9099 1392 1720458075329443556
9099 1393 1720458075390796023
9099 1394 1720458075449980147
9099 1395 1720458075502973704
9099 1396 1720458075572863478
9099 1397 1720458075624665957
9099 1398 1720458075681796162
9099 1399 1720458075731310218
9099 1400 1720458075780151346
9099 1401 1720458075834673202
9099 1402 1720458075888792993
9099 1403 1720458075936135726
9099 1404 1720458075987260039
9099 1405 1720458076047887762
9099 1406 1720458076120677698
9099 1407 1720458076170236731
9099 1408 1720458076222062800
9099 1409 1720458076279631736
9099 1410 1720458076348112007
9099 1411 1720458076402716507
9099 1412 1720458076474587196
9099 1413 1720458076526121710
9099 1414 1720458076577626623
9099 1415 1720458076630440461
9099 1416 1720458076683649505
9099 1417 1720458076742106694
9099 1418 1720458076791313118
9099 1419 1720458076839911584
9099 1420 1720458076892790885
9099 1421 1720458076951075788
9099 1422 1720458077006349082
9099 1423 1720458077067338822
9099 1424 1720458077122807145
9099 1425 1720458077180003083
9099 1426 1720458077236823235
9099 1427 1720458077298215632
9099 1428 1720458077354110384
9099 1429 1720458077415152088
9099 1430 1720458077469773947
9099 1431 1720458077526385882
9099 1432 1720458077583431564
9099 1433 1720458077633508004
9099 1434 1720458077682085553
9099 1435 1720458077735295825
9099 1436 1720458077792665804
9099 1437 1720458077850975042
9099 1438 1720458077906952191
9099 1439 1720458077969149061
9099 1440 1720458078025940590
9099 1441 1720458078083048115
9099 1442 1720458078140621032
9099 1443 1720458078199199431
9099 1444 1720458078254153062
9099 1445 1720458078313661175
9099 1446 1720458078364265042
9099 1447 1720458078413137039
9099 1448 1720458078471325370
9099 1449 1720458078537193061
9099 1450 1720458078596464607
9099 1451 1720458078645853085
9099 1452 1720458078695130854
9099 1453 1720458078749930675
9099 1454 1720458078797611321
9099 1455 1720458078846363669
9099 1456 1720458078901712967
9099 1457 1720458078961591466
9099 1458 1720458079033671271
9099 1459 1720458079091835196
9099 1460 1720458079143585234
9099 1461 1720458079194066102
9099 1462 1720458079260513682
9099 1463 1720458079314710290
9099 1464 1720458079374895539
9099 1465 1720458079462503994
9099 1466 1720458079513244982
9099 1467 1720458079569707806
9099 1468 1720458079619297199
9099 1469 1720458079667707154
9099 1470 1720458079718297864
9099 1471 1720458079776364438
9099 1472 1720458079850931938
9099 1473 1720458079903669955
9099 1474 1720458079957415585
9099 1475 1720458080006130060
9099 1476 1720458080054026995
9099 1477 1720458080106783168
9099 1478 1720458080172998278
9099 1479 1720458080244726854
9099 1480 1720458080295882697
9099 1481 1720458080348172165
9099 1482 1720458080405136619
9099 1483 1720458080460092997
9099 1484 1720458080511289878
9099 1485 1720458080559712704
9099 1486 1720458080606585615
9099 1487 1720458080655537590
9099 1488 1720458080714442647
9099 1489 1720458080775773136
9099 1490 1720458080824418280
9099 1491 1720458080874895663
9099 1492 1720458080931277998
9099 1493 1720458080995677572
9099 1494 1720458081045870253
9099 1495 1720458081093719970
9099 1496 1720458081148284073
9099 1497 1720458081198235292
9099 1498 1720458081267292362
9099 1499 1720458081319860825
9099 1500 1720458081376474635
9099 1501 1720458081438922665
9099 1502 1720458081493729236
9099 1503 1720458081548646453
9099 1504 1720458081611007885
9099 1505 1720458081682816731
9099 1506 1720458081735513056
9099 1507 1720458081788323262
9099 1508 1720458081843961447
9099 1509 1720458081903584146
9099 1510 1720458081957021964
9099 1511 1720458082014788759
9099 1512 1720458082071406212
9099 1513 1720458082122154865
9099 1514 1720458082171660749
9099 1515 1720458082229125704
9099 1516 1720458082309315827
9099 1517 1720458082362530809
9099 1518 1720458082414626134
9099 1519 1720458082480067854
9099 1520 1720458082534425526
9099 1521 1720458082594058776
9099 1522 1720458082654329474
9099 1523 1720458082708230618
9099 1524 1720458082780419220
9099 1525 1720458082835171772
9099 1526 1720458082907062946
9099 1527 1720458082960826166
9099 1528 1720458083015313569
9099 1529 1720458083063700823
9099 1530 1720458083116501969
9099 1531 1720458083171618283
9099 1532 1720458083229171373
9099 1533 1720458083296294439
9099 1534 1720458083345593286
9099 1535 1720458083394683396
9099 1536 1720458083451010994
9099 1537 1720458083500987521
9099 1538 1720458083548671755
9099 1539 1720458083598313096
9099 1540 1720458083645712175
9099 1541 1720458083694541460
9099 1542 1720458083750142428
9099 1543 1720458083810518825
9099 1544 1720458083868753732
9099 1545 1720458083921164355
9099 1546 1720458083968635430
9099 1547 1720458084017828115
9099 1548 1720458084071332708
9099 1549 1720458084132152438
9099 1550 1720458084189751792
9099 1551 1720458084249986690
9099 1552 1720458084322000377
9099 1553 1720458084374768726
9099 1554 1720458084437045152
9099 1555 1720458084487360650
9099 1556 1720458084546905782
9099 1557 1720458084596314972
9099 1558 1720458084643561075
9099 1559 1720458084692743115
9099 1560 1720458084746192329
9099 1561 1720458084807188247
9099 1562 1720458084864357682
9099 1563 1720458084914652618
9099 1564 1720458084964748590
9099 1565 1720458085021012249
9099 1566 1720458085076674741
9099 1567 1720458085133227476
9099 1568 1720458085187191560
9099 1569 1720458085245062990
9099 1570 1720458085301795309
9099 1571 1720458085360496316
9099 1572 1720458085417719643
9099 1573 1720458085472094022
9099 1574 1720458085538902216
9099 1575 1720458085590710650
9099 1576 1720458085646150688
9099 1577 1720458085692185762
9099 1578 1720458085743119994
9099 1579 1720458085801133711
9099 1580 1720458085870553090
9099 1581 1720458085920866184
9099 1582 1720458085967426743
9099 1583 1720458086020423462
9099 1584 1720458086077725744
9099 1585 1720458086124400443
9099 1586 1720458086180156329
9099 1587 1720458086236805565
9099 1588 1720458086308743098
9099 1589 1720458086358245486
9099 1590 1720458086405356202
9099 1591 1720458086457256196
9099 1592 1720458086517894187
9099 1593 1720458086567479887
9099 1594 1720458086618247553
9099 1595 1720458086677762161
9099 1596 1720458086737684315
9099 1597 1720458086796359983
9099 1598 1720458086854459420
9099 1599 1720458086915516067
9099 1600 1720458086968522993
9099 1601 1720458087031152213
9099 1602 1720458087081136667
9099 1603 1720458087128426633
9099 1604 1720458087182046560
9099 1605 1720458087244250315
9099 1606 1720458087297122944
9099 1607 1720458087349716081
9099 1608 1720458087409010129
9099 1609 1720458087467263441
9099 1610 1720458087524001953
9099 1611 1720458087580746612
9099 1612 1720458087638225482
9099 1613 1720458087687160201
9099 1614 1720458087738303495
9099 1615 1720458087796048158
9099 1616 1720458087854790957
9099 1617 1720458087912552287
9099 1618 1720458087974961869
9099 1619 1720458088031839735
9099 1620 1720458088088155217
9099 1621 1720458088147073213
9099 1622 1720458088203455037
9099 1623 1720458088269245823
9099 1624 1720458088325266896
9099 1625 1720458088383105107
9099 1626 1720458088441874064
9099 1627 1720458088499033824
9099 1628 1720458088557264763
9099 1629 1720458088613056859
9099 1630 1720458088668884802
9099 1631 1720458088732175417
9099 1632 1720458088784322875
9099 1633 1720458088832470841
9099 1634 1720458088879023927
9099 1635 1720458088947673763
9099 1636 1720458089002825632
9099 1637 1720458089060642009
9099 1638 1720458089116888941
9099 1639 1720458089172725923
9099 1640 1720458089222911884
9099 1641 1720458089270392460
9099 1642 1720458089334595208
9099 1643 1720458089383516400
9099 1644 1720458089446447367
9099 1645 1720458089514731807
9099 1646 1720458089566143248
9099 1647 1720458089620114654
9099 1648 1720458089679184830
9099 1649 1720458089728700540
9099 1650 1720458089780812853
9099 1651 1720458089843572820
9099 1652 1720458089893872211
9099 1653 1720458089943904113
9099 1654 1720458090000867259
9099 1655 1720458090062285241
