9099 0 1720457990686516589
9099 1 1720457990846418095
9099 2 1720457991001139805
9099 3 1720457991206735318
9099 4 1720457991406268456
9099 5 1720457991488431089
9099 6 1720457991592611894
9099 7 1720457991699101692
9099 8 1720457991843103744
9099 9 1720457991987279286
9099 10 1720457992092736624
9099 11 1720457992202154017
9099 12 1720457992262418965
9099 13 1720457992352561022
9099 14 1720457992438772306
9099 15 1720457992503215846
9099 16 1720457992572617398
9099 17 1720457992676961603
9099 18 1720457992732567186
9099 19 1720457992799053009
9099 20 1720457992878736013
9099 21 1720457992977382800
9099 22 1720457993034720262
9099 23 1720457993113071751
9099 24 1720457993184579796
9099 25 1720457993262360272
9099 26 1720457993363288034
9099 27 1720457993457351301
9099 28 1720457993509159816
9099 29 1720457993565689499
9099 30 1720457993636527367
9099 31 1720457993714171197
9099 32 1720457993782616459
9099 33 1720457993869210409
9099 34 1720457993932988942
9099 35 1720457994040016672
9099 36 1720457994118403290
9099 37 1720457994168653273
9099 38 1720457994232630261
9099 39 1720457994298277101
9099 40 1720457994368254546
9099 41 1720457994434812425
9099 42 1720457994496020384
9099 43 1720457994556402533
9099 44 1720457994612749796
9099 45 1720457994673146338
9099 46 1720457994720796339
9099 47 1720457994780173034
9099 48 1720457994844279209
9099 49 1720457994915147785
9099 50 1720457994931942705
9099 51 1720457994994151966
9099 52 1720457995088160871
9099 53 1720457995094039305
9099 54 1720457995144443937
9099 55 1720457995207383286
9099 56 1720457995238194493
9099 57 1720457995289386240
9099 58 1720457995350210378
9099 59 1720457995392128769
9099 60 1720457995456754321
9099 61 1720457995516997477
9099 62 1720457995569834272
9099 63 1720457995625639489
9099 64 1720457995685149133
9099 65 1720457995716625426
9099 66 1720457995768674371
9099 67 1720457995810391389
9099 68 1720457995872717796
9099 69 1720457995923498430
9099 70 1720457995975354347
9099 71 1720457996038249995
9099 72 1720457996090506050
9099 73 1720457996161074146
9099 74 1720457996213969751
9099 75 1720457996276032718
9099 76 1720457996330453107
9099 77 1720457996391009591
9099 78 1720457996452294614
9099 79 1720457996512451576
9099 80 1720457996562209620
9099 81 1720457996610273826
9099 82 1720457996674772540
9099 83 1720457996726281535
9099 84 1720457996802656780
9099 85 1720457996858323046
9099 86 1720457996918685174
9099 87 1720457996992670026
9099 88 1720457997036663801
9099 89 1720457997084071569
9099 90 1720457997133891027
9099 91 1720457997198559360
9099 92 1720457997242238911
9099 93 1720457997290166935
9099 94 1720457997352609021
9099 95 1720457997403165031
9099 96 1720457997456121370
9099 97 1720457997518253525
9099 98 1720457997592690661
9099 99 1720457997640737491
9099 100 1720457997687406496
9099 101 1720457997742295120
9099 102 1720457997801933991
9099 103 1720457997868602508
9099 104 1720457997914342442
9099 105 1720457997965361258
9099 106 1720457998032055672
9099 107 1720457998088858986
9099 108 1720457998153008277
9099 109 1720457998195484888
9099 110 1720457998265537042
9099 111 1720457998322893655
9099 112 1720457998382970156
9099 113 1720457998427874514
9099 114 1720457998528560253
9099 115 1720457998594242015
9099 116 1720457998616439370
9099 117 1720457998665291358
9099 118 1720457998711956412
9099 119 1720457998759963601
9099 120 1720457998832751023
9099 121 1720457998896172474
9099 122 1720457998985437312
9099 123 1720457999035216040
9099 124 1720457999102315762
9099 125 1720457999180805849
9099 126 1720457999292079031
9099 127 1720457999412269473
9099 128 1720457999512718674
9099 129 1720457999620786395
9099 130 1720457999738015999
9099 131 1720457999895666253
9099 132 1720457999974212384
9099 133 1720458000078581196
9099 134 1720458000173533584
9099 135 1720458000248309129
9099 136 1720458000314342412
9099 137 1720458000404025321
9099 138 1720458000462288401
9099 139 1720458000536681762
9099 140 1720458000644362817
9099 141 1720458000702200046
9099 142 1720458000755141405
9099 143 1720458000834643908
9099 144 1720458000894741204
9099 145 1720458000991377894
9099 146 1720458001048071740
9099 147 1720458001114853916
9099 148 1720458001192079365
9099 149 1720458001259067533
9099 150 1720458001332313160
9099 151 1720458001399079953
9099 152 1720458001497090254
9099 153 1720458001550105910
9099 154 1720458001620225592
9099 155 1720458001693440074
9099 156 1720458001768685416
9099 157 1720458001854064834
9099 158 1720458001916666079
9099 159 1720458001976416487
9099 160 1720458002042021880
9099 161 1720458002102330416
9099 162 1720458002160732588
9099 163 1720458002214531494
9099 164 1720458002276606354
9099 165 1720458002324703832
9099 166 1720458002372116336
9099 167 1720458002436600064
9099 168 1720458002484282120
9099 169 1720458002514295236
9099 170 1720458002599135714
9099 171 1720458002616521046
9099 172 1720458002662207088
9099 173 1720458002734539115
9099 174 1720458002836170272
9099 175 1720458002904654776
9099 176 1720458002974298852
9099 177 1720458003024199027
9099 178 1720458003054167433
9099 179 1720458003109186910
9099 180 1720458003162177704
9099 181 1720458003222616919
9099 182 1720458003282181570
9099 183 1720458003348289957
9099 184 1720458003422345067
9099 185 1720458003523861414
9099 186 1720458003581135111
9099 187 1720458003640364047
9099 188 1720458003708676032
9099 189 1720458003820456765
9099 190 1720458003873291405
9099 191 1720458003932827560
9099 192 1720458004002625227
9099 193 1720458004068915285
9099 194 1720458004181117488
9099 195 1720458004226380455
9099 196 1720458004290641307
9099 197 1720458004369086024
9099 198 1720458004435867843
9099 199 1720458004512552526
9099 200 1720458004582528707
9099 201 1720458004648441821
9099 202 1720458004732579935
9099 203 1720458004792754503
9099 204 1720458004857223154
9099 205 1720458004916628084
9099 206 1720458004968386976
9099 207 1720458005030466628
9099 208 1720458005082508111
9099 209 1720458005137030507
9099 210 1720458005187505864
9099 211 1720458005238098687
9099 212 1720458005293617001
9099 213 1720458005338765559
9099 214 1720458005388543676
9099 215 1720458005450334905
9099 216 1720458005474196018
9099 217 1720458005524764454
9099 218 1720458005590152817
9099 219 1720458005660109973
9099 220 1720458005670168627
9099 221 1720458005718161026
9099 222 1720458005774346504
9099 223 1720458005816925597
9099 224 1720458005868191132
9099 225 1720458005930388980
9099 226 1720458005976255774
9099 227 1720458006021439893
9099 228 1720458006073303422
9099 229 1720458006118002068
9099 230 1720458006170195691
9099 231 1720458006229710787
9099 232 1720458006260141574
9099 233 1720458006323099596
9099 234 1720458006354278344
9099 235 1720458006414085221
9099 236 1720458006458177989
9099 237 1720458006512594334
9099 238 1720458006557949616
9099 239 1720458006612068344
9099 240 1720458006656224910
9099 241 1720458006704738751
9099 242 1720458006766316432
9099 243 1720458006816351982
9099 244 1720458006870360798
9099 245 1720458006928549526
9099 246 1720458006954549434
9099 247 1720458007000556595
9099 248 1720458007050706283
9099 249 1720458007149004979
9099 250 1720458007230879023
9099 251 1720458007311735477
9099 252 1720458007388916674
9099 253 1720458007488660698
9099 254 1720458007574249234
9099 255 1720458007688663017
9099 256 1720458007799399503
9099 257 1720458007878153468
9099 258 1720458007978276703
9099 259 1720458008102243520
9099 260 1720458008200652541
9099 261 1720458008298465284
9099 262 1720458008392772800
9099 263 1720458008506680296
9099 264 1720458009044918567
9099 265 1720458009130509710
9099 266 1720458009220661637
9099 267 1720458009278870644
9099 268 1720458009352904680
9099 269 1720458009418237828
9099 270 1720458009498194684
9099 271 1720458009597492499
9099 272 1720458009668068379
9099 273 1720458009719280655
9099 274 1720458009792741538
9099 275 1720458009858607927
9099 276 1720458009931254434
9099 277 1720458010028869394
9099 278 1720458010086006092
9099 279 1720458010154751232
9099 280 1720458010223260133
9099 281 1720458010294599057
9099 282 1720458010381469632
9099 283 1720458010444500987
9099 284 1720458010538132065
9099 285 1720458010597065594
9099 286 1720458010662537922
9099 287 1720458010770456945
9099 288 1720458010821277868
9099 289 1720458010880123658
9099 290 1720458010937711746
9099 291 1720458010992611935
9099 292 1720458011055231388
9099 293 1720458011115701954
9099 294 1720458011167346574
9099 295 1720458011214663892
9099 296 1720458011261122791
9099 297 1720458011314370640
9099 298 1720458011346305067
9099 299 1720458011396709970
9099 300 1720458011654196365
9099 301 1720458011687848962
9099 302 1720458011691504826
9099 303 1720458011694458474
9099 304 1720458011708607102
9099 305 1720458011722089073
9099 306 1720458011772523083
9099 307 1720458011821642311
9099 308 1720458011870711570
9099 309 1720458011918664135
9099 310 1720458011972102640
9099 311 1720458012022463252
9099 312 1720458012062494152
9099 313 1720458012111666704
9099 314 1720458012156019641
9099 315 1720458012208661272
9099 316 1720458012259469503
9099 317 1720458012304404556
9099 318 1720458012357275487
9099 319 1720458012408264417
9099 320 1720458012461068342
9099 321 1720458012519031863
9099 322 1720458012544697613
9099 323 1720458012592864317
9099 324 1720458012642267752
9099 325 1720458012696886620
9099 326 1720458012752848944
9099 327 1720458012796824033
9099 328 1720458012852784494
9099 329 1720458012894487057
9099 330 1720458012951792356
9099 331 1720458013012762458
9099 332 1720458013070469558
9099 333 1720458013118828116
9099 334 1720458013168728750
9099 335 1720458013233186246
9099 336 1720458013281685060
9099 337 1720458013326749799
9099 338 1720458013378939629
9099 339 1720458013444568829
9099 340 1720458013472656703
9099 341 1720458013518785372
9099 342 1720458013578978317
9099 343 1720458013632773925
9099 344 1720458013676774707
9099 345 1720458013731356255
9099 346 1720458013783764351
9099 347 1720458013846224826
9099 348 1720458013874327643
9099 349 1720458013959291875
9099 350 1720458013990291956
9099 351 1720458014068290233
9099 352 1720458014096686563
9099 353 1720458014150796492
9099 354 1720458014202728357
9099 355 1720458014244474651
9099 356 1720458014302534226
9099 357 1720458014350866207
9099 358 1720458014416981293
9099 359 1720458014444358442
9099 360 1720458014496877516
9099 361 1720458014550896504
9099 362 1720458014600676692
9099 363 1720458014654364367
9099 364 1720458014713080814
9099 365 1720458014762701971
9099 366 1720458014810324899
9099 367 1720458014912471877
9099 368 1720458015000611557
9099 369 1720458015083285889
9099 370 1720458015176519077
9099 371 1720458015282603423
9099 372 1720458015393273188
9099 373 1720458015505780234
9099 374 1720458015582869982
9099 375 1720458015705139748
9099 376 1720458015798690640
9099 377 1720458015899359395
9099 378 1720458016013357655
9099 379 1720458016099058443
9099 380 1720458016209504405
9099 381 1720458016377358508
9099 382 1720458016457549766
9099 383 1720458016535472504
9099 384 1720458016619404109
9099 385 1720458016690814331
9099 386 1720458016763402706
9099 387 1720458016841499574
9099 388 1720458016915444870
9099 389 1720458016993394403
9099 390 1720458017062964508
9099 391 1720458017154609109
9099 392 1720458017216634239
9099 393 1720458017289504137
9099 394 1720458017392134371
9099 395 1720458017442133060
9099 396 1720458017518663270
9099 397 1720458017624106807
9099 398 1720458017674672236
9099 399 1720458017741129156
9099 400 1720458017820785567
9099 401 1720458017913658154
9099 402 1720458017968518671
9099 403 1720458018070956277
9099 404 1720458018128901481
9099 405 1720458018194354207
9099 406 1720458018295767657
9099 407 1720458018320714057
9099 408 1720458018408512226
9099 409 1720458018461401373
9099 410 1720458018495095484
9099 411 1720458018548737517
9099 412 1720458018596794171
9099 413 1720458018644832038
9099 414 1720458018706567503
9099 415 1720458018800283796
9099 416 1720458018850398193
9099 417 1720458018908459870
9099 418 1720458018960201163
9099 419 1720458019025355635
9099 420 1720458019052291920
9099 421 1720458019100820540
9099 422 1720458019153073410
9099 423 1720458019194461903
9099 424 1720458019254858986
9099 425 1720458019296868471
9099 426 1720458019357199341
9099 427 1720458019410165022
9099 428 1720458019474742252
9099 429 1720458019502655706
9099 430 1720458019546780088
9099 431 1720458019594523971
9099 432 1720458019645939145
9099 433 1720458019694610533
9099 434 1720458019746734165
9099 435 1720458019794699459
9099 436 1720458019849627814
9099 437 1720458019899640188
9099 438 1720458019961715873
9099 439 1720458020018489189
9099 440 1720458020050440750
9099 441 1720458020098611025
9099 442 1720458020152104504
9099 443 1720458020194388790
9099 444 1720458020249081205
9099 445 1720458020296745018
9099 446 1720458020352398493
9099 447 1720458020394596244
9099 448 1720458020447858681
9099 449 1720458020504870733
9099 450 1720458020554626194
9099 451 1720458020596648647
9099 452 1720458020642105181
9099 453 1720458020696830779
9099 454 1720458020756092061
9099 455 1720458020800975137
9099 456 1720458020834337167
9099 457 1720458020883141163
9099 458 1720458020936823504
9099 459 1720458020980799487
9099 460 1720458021038969200
9099 461 1720458021092740109
9099 462 1720458021142694910
9099 463 1720458021199901883
9099 464 1720458021260462986
9099 465 1720458021314027880
9099 466 1720458021378671558
9099 467 1720458021444055721
9099 468 1720458021496683783
9099 469 1720458021556934036
9099 470 1720458021620873627
9099 471 1720458021718633879
9099 472 1720458021736666287
9099 473 1720458021796903214
9099 474 1720458021856791696
9099 475 1720458021946944134
9099 476 1720458021978333975
9099 477 1720458022065340570
9099 478 1720458022098149762
9099 479 1720458022175533402
9099 480 1720458022227297636
9099 481 1720458022287851660
9099 482 1720458022339423020
9099 483 1720458022394630488
9099 484 1720458022449751663
9099 485 1720458022507350736
9099 486 1720458022567548653
9099 487 1720458022590403795
9099 488 1720458022640643484
9099 489 1720458022690399412
9099 490 1720458022734813327
9099 491 1720458022784820087
9099 492 1720458022836783899
9099 493 1720458022909184388
9099 494 1720458023031637659
9099 495 1720458023087520055
9099 496 1720458023120946510
9099 497 1720458023170200052
9099 498 1720458023214372463
9099 499 1720458023271001376
9099 500 1720458023322806361
9099 501 1720458023388930641
9099 502 1720458023502801982
9099 503 1720458023612190489
9099 504 1720458023689400097
9099 505 1720458023789207282
9099 506 1720458023906389262
9099 507 1720458023978467087
9099 508 1720458024088437768
9099 509 1720458024200831520
9099 510 1720458024308875643
9099 511 1720458024419073803
9099 512 1720458024528279624
9099 513 1720458024646049997
9099 514 1720458024716772843
9099 515 1720458024795099160
9099 516 1720458024869411495
9099 517 1720458024953434208
9099 518 1720458025023530395
9099 519 1720458025094998735
9099 520 1720458025179013802
9099 521 1720458025251560046
9099 522 1720458025328373529
9099 523 1720458025413492143
9099 524 1720458025482958981
9099 525 1720458025555167936
9099 526 1720458025643446074
9099 527 1720458025709547586
9099 528 1720458025789424186
9099 529 1720458025872553449
9099 530 1720458025944461431
9099 531 1720458026015065690
9099 532 1720458026098340006
9099 533 1720458026186725701
9099 534 1720458026252786935
9099 535 1720458026318988120
9099 536 1720458026385043857
9099 537 1720458026478822811
9099 538 1720458026502262550
9099 539 1720458026580725151
9099 540 1720458026612876085
9099 541 1720458026704534780
9099 542 1720458026716698967
9099 543 1720458026772800500
9099 544 1720458026816735150
9099 545 1720458026872710715
9099 546 1720458026922941025
9099 547 1720458026976329982
9099 548 1720458027024628991
9099 549 1720458027078479752
9099 550 1720458027132212955
9099 551 1720458027164751244
9099 552 1720458027217246027
9099 553 1720458027260838132
9099 554 1720458027322805685
9099 555 1720458027424451705
9099 556 1720458027452695378
9099 557 1720458027495113808
9099 558 1720458027569521974
9099 559 1720458027618312777
9099 560 1720458027668249631
9099 561 1720458027744972281
9099 562 1720458027809223324
9099 563 1720458027851371830
9099 564 1720458027916661265
9099 565 1720458027979445247
9099 566 1720458028042075937
9099 567 1720458028153878110
9099 568 1720458028162758249
9099 569 1720458028234623293
9099 570 1720458028282990613
9099 571 1720458028345198373
9099 572 1720458028408951921
9099 573 1720458028462209454
9099 574 1720458028523022619
9099 575 1720458028582849404
9099 576 1720458028642805499
9099 577 1720458028703042202
9099 578 1720458028800803042
9099 579 1720458028818290933
9099 580 1720458028882971450
9099 581 1720458028933318192
9099 582 1720458029002637268
9099 583 1720458029052714824
9099 584 1720458029113123096
9099 585 1720458029161091945
9099 586 1720458029218873963
9099 587 1720458029273019234
9099 588 1720458029322823049
9099 589 1720458029385096326
9099 590 1720458029450172722
9099 591 1720458029500095919
9099 592 1720458029558452021
9099 593 1720458029610039929
9099 594 1720458029641004918
9099 595 1720458029694979835
9099 596 1720458029753343521
9099 597 1720458029794360967
9099 598 1720458029852639737
9099 599 1720458029905659210
9099 600 1720458029958213644
9099 601 1720458030150589115
9099 602 1720458030170112060
9099 603 1720458030171727905
9099 604 1720458030188314641
9099 605 1720458030243720199
9099 606 1720458030277019443
9099 607 1720458030324642293
9099 608 1720458030382694111
9099 609 1720458030424774741
9099 610 1720458030481840131
9099 611 1720458030537600682
9099 612 1720458030596262937
9099 613 1720458030648576660
9099 614 1720458030698467743
9099 615 1720458030747501357
9099 616 1720458030807697547
9099 617 1720458030853238934
9099 618 1720458030964321480
9099 619 1720458031023313477
9099 620 1720458031069201433
9099 621 1720458031185426737
9099 622 1720458031242193635
9099 623 1720458031318761675
9099 624 1720458031417552579
9099 625 1720458031490594586
9099 626 1720458031622335095
9099 627 1720458031718207079
9099 628 1720458031850797318
9099 629 1720458031920696566
9099 630 1720458032016785784
9099 631 1720458032118174083
9099 632 1720458032241051785
9099 633 1720458032310707819
9099 634 1720458032402626855
9099 635 1720458032464745138
9099 636 1720458032538885188
9099 637 1720458032611363127
9099 638 1720458032708169707
9099 639 1720458032761370787
9099 640 1720458032832761855
9099 641 1720458032904443307
9099 642 1720458033000213745
9099 643 1720458033058519229
9099 644 1720458033152782389
9099 645 1720458033214922247
9099 646 1720458033272541789
9099 647 1720458033344897311
9099 648 1720458033451313542
9099 649 1720458033502803660
9099 650 1720458033562361814
9099 651 1720458033641537906
9099 652 1720458033713528529
9099 653 1720458033785546605
9099 654 1720458033863508973
9099 655 1720458033929608689
9099 656 1720458034003087149
9099 657 1720458034065548180
9099 658 1720458034129009023
9099 659 1720458034183482310
9099 660 1720458034233535436
9099 661 1720458034283562466
9099 662 1720458034339489441
9099 663 1720458034393116999
9099 664 1720458034443231364
9099 665 1720458034509647173
9099 666 1720458034557307779
9099 667 1720458034613204620
9099 668 1720458034659818907
9099 669 1720458034711928809
9099 670 1720458034772131767
9099 671 1720458034798290634
9099 672 1720458034850298975
9099 673 1720458034901097239
9099 674 1720458034950255881
9099 675 1720458034998510382
9099 676 1720458035050545017
9099 677 1720458035100608197
9099 678 1720458035150480724
9099 679 1720458035217259422
9099 680 1720458035267093283
9099 681 1720458035321559946
9099 682 1720458035352565302
9099 683 1720458035398162970
9099 684 1720458035450789761
9099 685 1720458035495071592
9099 686 1720458035552710480
9099 687 1720458035599380970
9099 688 1720458035670411652
9099 689 1720458035694625738
9099 690 1720458035742582951
9099 691 1720458035790297989
9099 692 1720458035848780537
9099 693 1720458035892667068
9099 694 1720458035936558291
9099 695 1720458035986710418
9099 696 1720458036045362592
9099 697 1720458036096764958
9099 698 1720458036152888621
9099 699 1720458036181192625
9099 700 1720458036230627945
9099 701 1720458036279149856
9099 702 1720458036332350626
9099 703 1720458036382869262
9099 704 1720458036428639599
9099 705 1720458036477936388
9099 706 1720458036533848251
9099 707 1720458036600253318
9099 708 1720458036628853171
9099 709 1720458036670221945
9099 710 1720458036716702031
9099 711 1720458036764532498
9099 712 1720458036810137165
9099 713 1720458036861776138
9099 714 1720458036923920927
9099 715 1720458036956597679
9099 716 1720458037004622735
9099 717 1720458037052821660
9099 718 1720458037100105577
9099 719 1720458037150090449
9099 720 1720458037198677070
9099 721 1720458037248267244
9099 722 1720458037296737148
9099 723 1720458037346488619
9099 724 1720458037398526060
9099 725 1720458037442098331
9099 726 1720458037489595320
9099 727 1720458037546295677
9099 728 1720458037593222540
9099 729 1720458037641495929
9099 730 1720458037698472062
9099 731 1720458037762305850
9099 732 1720458037788629719
9099 733 1720458037830352270
9099 734 1720458037880792364
9099 735 1720458037936183277
9099 736 1720458037991244520
9099 737 1720458038022390037
9099 738 1720458038076786457
9099 739 1720458038124639525
9099 740 1720458038170375563
9099 741 1720458038228241544
9099 742 1720458038284067062
9099 743 1720458038317210818
9099 744 1720458038364655455
9099 745 1720458038427860025
9099 746 1720458038460661488
9099 747 1720458038510774319
9099 748 1720458038557021893
9099 749 1720458038610402967
9099 750 1720458038664326583
9099 751 1720458038722880054
9099 752 1720458038783089188
9099 753 1720458038810268044
9099 754 1720458038858741634
9099 755 1720458038902505422
9099 756 1720458038956656058
9099 757 1720458039000748476
9099 758 1720458039078809106
9099 759 1720458039138765558
9099 760 1720458039220542756
9099 761 1720458039298908072
9099 762 1720458039376726706
9099 763 1720458039464414643
9099 764 1720458039553031117
9099 765 1720458039642711261
9099 766 1720458039720708642
9099 767 1720458039817529578
9099 768 1720458039871881475
9099 769 1720458039934614550
9099 770 1720458040016676787
9099 771 1720458040082317549
9099 772 1720458040169361188
9099 773 1720458040232250629
9099 774 1720458040294285260
9099 775 1720458040385007869
9099 776 1720458040448695953
9099 777 1720458040514565023
9099 778 1720458040597652295
9099 779 1720458040659803562
9099 780 1720458040730611442
9099 781 1720458040828330123
9099 782 1720458040880526252
9099 783 1720458040952706477
9099 784 1720458041028896034
9099 785 1720458041105783383
9099 786 1720458041162693281
9099 787 1720458041222477730
9099 788 1720458041282029961
9099 789 1720458041330573197
9099 790 1720458041382272722
9099 791 1720458041438878224
9099 792 1720458041496704291
9099 793 1720458041550651623
9099 794 1720458041598811285
9099 795 1720458041672596657
9099 796 1720458041694329810
9099 797 1720458041754757491
9099 798 1720458041796763948
9099 799 1720458041844843300
9099 800 1720458041898778110
9099 801 1720458041956263488
9099 802 1720458042003745504
9099 803 1720458042055852044
9099 804 1720458042115282840
9099 805 1720458042183862325
9099 806 1720458042202397135
9099 807 1720458042250717859
9099 808 1720458042302284476
9099 809 1720458042350753621
9099 810 1720458042405204166
9099 811 1720458042457293144
9099 812 1720458042510642272
9099 813 1720458042582247840
9099 814 1720458042594312496
9099 815 1720458042648678893
9099 816 1720458042696788721
9099 817 1720458042750763019
9099 818 1720458042805428197
9099 819 1720458042851073358
9099 820 1720458042902378905
9099 821 1720458042956597239
9099 822 1720458043004382777
9099 823 1720458043066676365
9099 824 1720458043130199711
9099 825 1720458043177763431
9099 826 1720458043230505154
9099 827 1720458043276244551
9099 828 1720458043324351624
9099 829 1720458043378296874
9099 830 1720458043436494782
9099 831 1720458043497927732
9099 832 1720458043550093137
9099 833 1720458043606910562
9099 834 1720458043634136146
9099 835 1720458043718724913
9099 836 1720458043775379079
9099 837 1720458043834831708
9099 838 1720458043888147869
9099 839 1720458043946541334
9099 840 1720458043978765498
9099 841 1720458044034287269
9099 842 1720458044082251016
9099 843 1720458044148255232
9099 844 1720458044200819940
9099 845 1720458044254614700
9099 846 1720458044308374823
9099 847 1720458044356690185
9099 848 1720458044423774173
9099 849 1720458044477518531
9099 850 1720458044525026753
9099 851 1720458044579178403
9099 852 1720458044646669121
9099 853 1720458044698222719
9099 854 1720458044730314062
9099 855 1720458044785195619
9099 856 1720458044842684039
9099 857 1720458044890679717
9099 858 1720458044946848606
9099 859 1720458045039091797
9099 860 1720458045089239270
9099 861 1720458045148136122
9099 862 1720458045181394914
9099 863 1720458045228230339
9099 864 1720458045292679774
9099 865 1720458045334376685
9099 866 1720458045390426928
9099 867 1720458045440415726
9099 868 1720458045496760288
9099 869 1720458045550603495
9099 870 1720458045602695616
9099 871 1720458045652101732
9099 872 1720458045714753131
9099 873 1720458045774131403
9099 874 1720458045826396031
9099 875 1720458045874331572
9099 876 1720458045932371783
9099 877 1720458045980852640
9099 878 1720458046047983217
9099 879 1720458046101249364
9099 880 1720458046155704355
9099 881 1720458046201585569
9099 882 1720458046251679211
9099 883 1720458046315404529
9099 884 1720458046366435933
9099 885 1720458046424258499
9099 886 1720458046491909588
9099 887 1720458046514687718
9099 888 1720458046572790219
9099 889 1720458046621190873
9099 890 1720458046682704547
9099 891 1720458046736831559
9099 892 1720458046792876651
9099 893 1720458046842716853
9099 894 1720458046986930324
9099 895 1720458047062889165
9099 896 1720458047176467729
9099 897 1720458047224146032
9099 898 1720458047282832607
9099 899 1720458047379999262
9099 900 1720458047462755236
9099 901 1720458047572205234
9099 902 1720458047727026058
9099 903 1720458047780594520
9099 904 1720458047884487487
9099 905 1720458047938540991
9099 906 1720458048008646736
9099 907 1720458048105559507
9099 908 1720458048160722885
9099 909 1720458048238688456
9099 910 1720458048312412083
9099 911 1720458048390680772
9099 912 1720458048462798636
9099 913 1720458048545424775
9099 914 1720458048618368016
9099 915 1720458048719696210
9099 916 1720458048768556117
9099 917 1720458048840737287
9099 918 1720458048914393321
9099 919 1720458048992627649
9099 920 1720458049064947484
9099 921 1720458049160622301
9099 922 1720458049220729283
9099 923 1720458049292605658
9099 924 1720458049354438541
9099 925 1720458049420491485
9099 926 1720458049474164245
9099 927 1720458049551894691
9099 928 1720458049584833470
9099 929 1720458049638669714
9099 930 1720458049690676341
9099 931 1720458049738692005
9099 932 1720458049790911322
9099 933 1720458049844786455
9099 934 1720458049894599286
9099 935 1720458049947553710
9099 936 1720458050020564516
9099 937 1720458050069384089
9099 938 1720458050140725726
9099 939 1720458050223795886
9099 940 1720458050291008275
9099 941 1720458050343023787
9099 942 1720458050414801141
9099 943 1720458050436641277
9099 944 1720458050517074027
9099 945 1720458050589043466
9099 946 1720458050639304396
9099 947 1720458050698748284
9099 948 1720458050770204524
9099 949 1720458050832630909
9099 950 1720458050942142427
9099 951 1720458050992575674
9099 952 1720458051064666952
9099 953 1720458051136146988
9099 954 1720458051218917492
9099 955 1720458051314527535
9099 956 1720458051386718524
9099 957 1720458051448635292
9099 958 1720458051516842313
9099 959 1720458051594619157
9099 960 1720458051670421897
9099 961 1720458051742138804
9099 962 1720458051822435181
9099 963 1720458051894770873
9099 964 1720458051973451781
9099 965 1720458052035104300
9099 966 1720458052099033755
9099 967 1720458052158500677
9099 968 1720458052223035209
9099 969 1720458052271316568
9099 970 1720458052325322796
9099 971 1720458052378946811
9099 972 1720458052433521180
9099 973 1720458052481369549
9099 974 1720458052533410859
9099 975 1720458052575185650
9099 976 1720458052629079042
9099 977 1720458052712881747
9099 978 1720458052817414383
9099 979 1720458052887746330
9099 980 1720458052916600611
9099 981 1720458052992243082
9099 982 1720458053049942170
9099 983 1720458053110620992
9099 984 1720458053140324274
9099 985 1720458053194663668
9099 986 1720458053258662865
9099 987 1720458053345711404
9099 988 1720458053398234727
9099 989 1720458053472402806
9099 990 1720458053540652384
9099 991 1720458053612941137
9099 992 1720458053709986554
9099 993 1720458053769188725
9099 994 1720458053838289097
9099 995 1720458053950330616
9099 996 1720458054003459276
9099 997 1720458054064570783
9099 998 1720458054136836884
9099 999 1720458054234613756
9099 1000 1720458054292669210
9099 1001 1720458054364802685
9099 1002 1720458054478843089
9099 1003 1720458054527593659
9099 1004 1720458054592774751
9099 1005 1720458054658736414
9099 1006 1720458054728837211
9099 1007 1720458054782497018
9099 1008 1720458054834750153
9099 1009 1720458054936142158
9099 1010 1720458055008384428
9099 1011 1720458055070272240
9099 1012 1720458055129296358
9099 1013 1720458055202760643
9099 1014 1720458055254933076
9099 1015 1720458055313722799
9099 1016 1720458055395026741
9099 1017 1720458055474527911
9099 1018 1720458055568508760
9099 1019 1720458055675806949
9099 1020 1720458055756723339
9099 1021 1720458055860495485
9099 1022 1720458055928792593
9099 1023 1720458056009315618
9099 1024 1720458056074322532
9099 1025 1720458056158734084
9099 1026 1720458056232807905
9099 1027 1720458056339154588
9099 1028 1720458056391851692
9099 1029 1720458056465389654
9099 1030 1720458056530251232
9099 1031 1720458056615893601
9099 1032 1720458056688786982
9099 1033 1720458056760901344
9099 1034 1720458056856026442
9099 1035 1720458056909567187
9099 1036 1720458056993437387
9099 1037 1720458057065359909
9099 1038 1720458057142425078
9099 1039 1720458057223408242
9099 1040 1720458057291374630
9099 1041 1720458057357537672
9099 1042 1720458057433437777
9099 1043 1720458057499396993
9099 1044 1720458057553429934
9099 1045 1720458057613358646
9099 1046 1720458057661409566
9099 1047 1720458057733396356
9099 1048 1720458057789378422
9099 1049 1720458057842949855
9099 1050 1720458057893424674
9099 1051 1720458057952667234
9099 1052 1720458058000627467
9099 1053 1720458058058356984
9099 1054 1720458058117371084
9099 1055 1720458058164704530
9099 1056 1720458058220699479
9099 1057 1720458058273674068
9099 1058 1720458058328613325
9099 1059 1720458058372871258
9099 1060 1720458058437287340
9099 1061 1720458058487303472
9099 1062 1720458058543140884
9099 1063 1720458058614300576
9099 1064 1720458058632685385
9099 1065 1720458058688728644
9099 1066 1720458058730208579
9099 1067 1720458058788613676
9099 1068 1720458058832754705
9099 1069 1720458058882822192
9099 1070 1720458058935256332
9099 1071 1720458058998565769
9099 1072 1720458059052710431
9099 1073 1720458059100717700
9099 1074 1720458059154213472
9099 1075 1720458059214715592
9099 1076 1720458059258403631
9099 1077 1720458059312755825
9099 1078 1720458059372768143
9099 1079 1720458059422240317
9099 1080 1720458059474095979
9099 1081 1720458059528734390
9099 1082 1720458059577586105
9099 1083 1720458059630198469
9099 1084 1720458059700365872
9099 1085 1720458059728675573
9099 1086 1720458059799740742
9099 1087 1720458059858390051
9099 1088 1720458059890607422
9099 1089 1720458059938718510
9099 1090 1720458059996708038
9099 1091 1720458060052736779
9099 1092 1720458060098333962
9099 1093 1720458060152754123
9099 1094 1720458060204463256
9099 1095 1720458060248662588
9099 1096 1720458060308825797
9099 1097 1720458060356745969
9099 1098 1720458060408279796
9099 1099 1720458060463615042
9099 1100 1720458060534147431
9099 1101 1720458060556664614
9099 1102 1720458060631380973
9099 1103 1720458060682123846
9099 1104 1720458060737758432
9099 1105 1720458060801224023
9099 1106 1720458060832440755
9099 1107 1720458060894585352
9099 1108 1720458060946280589
9099 1109 1720458061017032862
9099 1110 1720458061104170310
9099 1111 1720458061166541326
9099 1112 1720458061188754817
9099 1113 1720458061238450294
9099 1114 1720458061298909944
9099 1115 1720458061358723325
9099 1116 1720458061408744205
9099 1117 1720458061468923204
9099 1118 1720458061524384108
9099 1119 1720458061588922571
9099 1120 1720458061636701189
9099 1121 1720458061684432180
9099 1122 1720458061743188877
9099 1123 1720458061798385790
9099 1124 1720458061856021015
9099 1125 1720458061888881041
9099 1126 1720458061955424024
9099 1127 1720458062015530183
9099 1128 1720458062077681285
9099 1129 1720458062100165003
9099 1130 1720458062152589159
9099 1131 1720458062196665556
9099 1132 1720458062244822440
9099 1133 1720458062298494195
9099 1134 1720458062350604016
9099 1135 1720458062410237301
9099 1136 1720458062458440608
9099 1137 1720458062506320225
9099 1138 1720458062556638887
9099 1139 1720458062610768374
9099 1140 1720458062660729158
9099 1141 1720458062716731790
9099 1142 1720458062768502132
9099 1143 1720458062832430891
9099 1144 1720458062923185422
9099 1145 1720458062985729649
9099 1146 1720458063048746618
9099 1147 1720458063100850142
9099 1148 1720458063155393162
9099 1149 1720458063220610064
9099 1150 1720458063318199455
9099 1151 1720458063374923595
9099 1152 1720458063483318040
9099 1153 1720458063558794234
9099 1154 1720458063662782181
9099 1155 1720458063740843961
9099 1156 1720458063822713895
9099 1157 1720458063889112106
9099 1158 1720458063964773060
9099 1159 1720458064049619057
9099 1160 1720458064112742519
9099 1161 1720458064190895661
9099 1162 1720458064275444069
9099 1163 1720458064342712007
9099 1164 1720458064416825529
9099 1165 1720458064522908838
9099 1166 1720458064574724549
9099 1167 1720458064640831644
9099 1168 1720458064712671410
9099 1169 1720458064793572607
9099 1170 1720458064860838288
9099 1171 1720458064938517918
9099 1172 1720458065039736883
9099 1173 1720458065090532876
9099 1174 1720458065148463852
9099 1175 1720458065220751807
9099 1176 1720458065272761510
9099 1177 1720458065332852776
9099 1178 1720458065380541395
9099 1179 1720458065452226553
9099 1180 1720458065506216843
9099 1181 1720458065534531514
9099 1182 1720458065592602953
9099 1183 1720458065663124818
9099 1184 1720458065726604153
9099 1185 1720458065742347830
9099 1186 1720458065796679004
9099 1187 1720458065850295469
9099 1188 1720458065900659137
9099 1189 1720458065944763201
9099 1190 1720458065998083666
9099 1191 1720458066048612354
9099 1192 1720458066090376811
9099 1193 1720458066144378798
9099 1194 1720458066207970423
9099 1195 1720458066238445418
9099 1196 1720458066290137083
9099 1197 1720458066358931727
9099 1198 1720458066430359253
9099 1199 1720458066452632970
9099 1200 1720458066502689577
9099 1201 1720458066550766349
9099 1202 1720458066596816074
9099 1203 1720458066712289167
9099 1204 1720458066731952242
9099 1205 1720458066758326131
9099 1206 1720458066806340600
9099 1207 1720458066860747027
9099 1208 1720458066916307823
9099 1209 1720458066973500547
9099 1210 1720458067000757344
9099 1211 1720458067052070880
9099 1212 1720458067102179574
9099 1213 1720458067144623099
9099 1214 1720458067190498104
9099 1215 1720458067238896913
9099 1216 1720458067292903775
9099 1217 1720458067347243037
9099 1218 1720458067417641323
9099 1219 1720458067432688509
9099 1220 1720458067480656687
9099 1221 1720458067528672493
9099 1222 1720458067574970881
9099 1223 1720458067637013687
9099 1224 1720458067706335860
9099 1225 1720458067725113631
9099 1226 1720458067770400075
9099 1227 1720458067818230995
9099 1228 1720458067873403850
9099 1229 1720458067937012837
9099 1230 1720458068008420338
9099 1231 1720458068016681237
9099 1232 1720458068072570630
9099 1233 1720458068123074489
9099 1234 1720458068172286844
9099 1235 1720458068222776181
9099 1236 1720458068278081399
9099 1237 1720458068311478777
9099 1238 1720458068360624512
9099 1239 1720458068408714896
9099 1240 1720458068462590868
9099 1241 1720458068511001950
9099 1242 1720458068568869819
9099 1243 1720458068622995017
9099 1244 1720458068683922529
9099 1245 1720458068706449772
9099 1246 1720458068752749373
9099 1247 1720458068800827118
9099 1248 1720458068848207126
9099 1249 1720458068903978188
9099 1250 1720458068967684511
9099 1251 1720458068994711983
9099 1252 1720458069040718277
9099 1253 1720458069088858889
9099 1254 1720458069139082377
9099 1255 1720458069192170809
9099 1256 1720458069247802551
9099 1257 1720458069306297050
9099 1258 1720458069330432195
9099 1259 1720458069380768421
9099 1260 1720458069430460360
9099 1261 1720458069478411832
9099 1262 1720458069530059431
9099 1263 1720458070042749170
9099 1264 1720458070044968686
9099 1265 1720458070050424273
9099 1266 1720458070052610545
9099 1267 1720458070056456333
9099 1268 1720458070108893533
9099 1269 1720458070156994004
9099 1270 1720458070208740180
9099 1271 1720458070258514606
9099 1272 1720458070318431996
9099 1273 1720458070377805092
9099 1274 1720458070431994127
9099 1275 1720458070497918272
9099 1276 1720458070518423797
9099 1277 1720458070572703854
9099 1278 1720458070614513296
9099 1279 1720458070670738818
9099 1280 1720458070722681351
9099 1281 1720458070770619076
9099 1282 1720458070832823955
9099 1283 1720458070882627807
9099 1284 1720458070992213256
9099 1285 1720458071043224208
9099 1286 1720458071108732200
9099 1287 1720458071170937376
9099 1288 1720458071252464394
9099 1289 1720458071318606576
9099 1290 1720458071394980697
9099 1291 1720458071511158625
9099 1292 1720458071592782218
9099 1293 1720458071691686598
9099 1294 1720458071745798243
9099 1295 1720458071808836389
9099 1296 1720458071882507485
9099 1297 1720458071948498353
9099 1298 1720458072048432515
9099 1299 1720458072105814519
9099 1300 1720458072178709940
9099 1301 1720458072251281547
9099 1302 1720458072322756697
9099 1303 1720458072428859222
9099 1304 1720458072502475918
9099 1305 1720458072534848969
9099 1306 1720458072630642274
9099 1307 1720458072699897062
9099 1308 1720458072752710038
9099 1309 1720458072824990205
9099 1310 1720458072904946955
9099 1311 1720458072968918226
9099 1312 1720458073034867872
9099 1313 1720458073102437105
9099 1314 1720458073158636677
9099 1315 1720458073213099817
9099 1316 1720458073262496178
9099 1317 1720458073312743072
9099 1318 1720458073376847721
9099 1319 1720458073430346963
9099 1320 1720458073474294391
9099 1321 1720458073535007898
9099 1322 1720458073588652332
9099 1323 1720458073636805701
9099 1324 1720458073693095553
9099 1325 1720458073742728064
9099 1326 1720458073792722777
9099 1327 1720458073842849086
9099 1328 1720458073898901332
9099 1329 1720458073952231036
9099 1330 1720458074008062198
9099 1331 1720458074066576769
9099 1332 1720458074118962649
9099 1333 1720458074148481424
9099 1334 1720458074202629228
9099 1335 1720458074250840815
9099 1336 1720458074312804236
9099 1337 1720458074360962438
9099 1338 1720458074423734640
9099 1339 1720458074470488785
9099 1340 1720458074520628028
9099 1341 1720458074580403896
9099 1342 1720458074641245416
9099 1343 1720458074672682470
9099 1344 1720458074714418765
9099 1345 1720458074768738106
9099 1346 1720458074820815032
9099 1347 1720458074870467941
9099 1348 1720458074922413169
9099 1349 1720458074970786474
9099 1350 1720458075022806967
9099 1351 1720458075072892072
9099 1352 1720458075132815019
9099 1353 1720458075176116673
9099 1354 1720458075230350073
9099 1355 1720458075278771794
9099 1356 1720458075335607075
9099 1357 1720458075397223011
9099 1358 1720458075456425089
9099 1359 1720458075482314484
9099 1360 1720458075528776066
9099 1361 1720458075582331788
9099 1362 1720458075629044679
9099 1363 1720458075688299712
9099 1364 1720458075734143423
9099 1365 1720458075792728796
9099 1366 1720458075840308906
9099 1367 1720458075894122539
9099 1368 1720458075952665142
9099 1369 1720458075996778538
9099 1370 1720458076055116733
9099 1371 1720458076125897566
9099 1372 1720458076152652442
9099 1373 1720458076226980622
9099 1374 1720458076292940738
9099 1375 1720458076354374982
9099 1376 1720458076407495544
9099 1377 1720458076480834923
9099 1378 1720458076498331044
9099 1379 1720458076552775039
9099 1380 1720458076600802172
9099 1381 1720458076654460492
9099 1382 1720458076694823620
9099 1383 1720458076748312866
9099 1384 1720458076802324418
9099 1385 1720458076858392373
9099 1386 1720458076912803231
9099 1387 1720458076957233169
9099 1388 1720458077012348979
9099 1389 1720458077073903144
9099 1390 1720458077126713798
9099 1391 1720458077186315914
9099 1392 1720458077242758563
9099 1393 1720458077270710915
9099 1394 1720458077316774735
9099 1395 1720458077370533667
9099 1396 1720458077422001572
9099 1397 1720458077474486106
9099 1398 1720458077532198015
9099 1399 1720458077589353751
9099 1400 1720458077636435889
9099 1401 1720458077686312739
9099 1402 1720458077740297617
9099 1403 1720458077768964989
9099 1404 1720458077820800529
9099 1405 1720458077868819104
9099 1406 1720458077922860599
9099 1407 1720458077978796217
9099 1408 1720458078031585326
9099 1409 1720458078089326748
9099 1410 1720458078146160113
9099 1411 1720458078205276946
9099 1412 1720458078259317346
9099 1413 1720458078320171098
9099 1414 1720458078352643735
9099 1415 1720458078396732031
9099 1416 1720458078448850808
9099 1417 1720458078498760456
9099 1418 1720458078548876740
9099 1419 1720458078602891799
9099 1420 1720458078652636278
9099 1421 1720458078700750090
9099 1422 1720458078755509290
9099 1423 1720458078802642472
9099 1424 1720458078850583369
9099 1425 1720458078907971569
9099 1426 1720458078982867329
9099 1427 1720458079098118659
9099 1428 1720458079172670044
9099 1429 1720458079267037015
9099 1430 1720458079322674147
9099 1431 1720458079396460321
9099 1432 1720458079474356456
9099 1433 1720458079576319837
9099 1434 1720458079634410787
9099 1435 1720458079723251833
9099 1436 1720458079783005273
9099 1437 1720458079856623206
9099 1438 1720458079928763673
9099 1439 1720458080009342296
9099 1440 1720458080068711742
9099 1441 1720458080179217209
9099 1442 1720458080250542578
9099 1443 1720458080299582295
9099 1444 1720458080372791291
9099 1445 1720458080438504975
9099 1446 1720458080514017405
9099 1447 1720458080578428757
9099 1448 1720458080659857586
9099 1449 1720458080728934158
9099 1450 1720458080802583709
9099 1451 1720458080879304143
9099 1452 1720458080950942926
9099 1453 1720458081001298907
9099 1454 1720458081066306458
9099 1455 1720458081114793514
9099 1456 1720458081172222276
9099 1457 1720458081214362383
9099 1458 1720458081273273369
9099 1459 1720458081323943572
9099 1460 1720458081383125892
9099 1461 1720458081445561698
9099 1462 1720458081464781499
9099 1463 1720458081510501983
9099 1464 1720458081560866652
9099 1465 1720458081618098140
9099 1466 1720458081688581284
9099 1467 1720458081712757949
9099 1468 1720458081756770595
9099 1469 1720458081812827871
9099 1470 1720458081862898694
9099 1471 1720458081910835833
9099 1472 1720458081961265889
9099 1473 1720458082021850069
9099 1474 1720458082076822717
9099 1475 1720458082125875534
9099 1476 1720458082175437176
9099 1477 1720458082236236621
9099 1478 1720458082269502533
9099 1479 1720458082316598136
9099 1480 1720458082366941163
9099 1481 1720458082419045846
9099 1482 1720458082486636853
9099 1483 1720458082502490486
9099 1484 1720458082554779501
9099 1485 1720458082602845485
9099 1486 1720458082660847283
9099 1487 1720458082712814315
9099 1488 1720458082787267621
9099 1489 1720458082798472534
9099 1490 1720458082852832252
9099 1491 1720458082913892694
9099 1492 1720458082965204079
9099 1493 1720458083020623409
9099 1494 1720458083048645794
9099 1495 1720458083121904200
9099 1496 1720458083144869143
9099 1497 1720458083192877097
9099 1498 1720458083242918315
9099 1499 1720458083302452699
9099 1500 1720458083348645442
9099 1501 1720458083399091651
9099 1502 1720458083457712207
9099 1503 1720458083490117048
9099 1504 1720458083556850163
9099 1505 1720458083603032680
9099 1506 1720458083656630159
9099 1507 1720458083704625104
9099 1508 1720458083756364682
9099 1509 1720458083816989117
9099 1510 1720458083874702316
9099 1511 1720458083898758980
9099 1512 1720458083950790536
9099 1513 1720458084004727529
9099 1514 1720458084048772931
9099 1515 1720458084098609548
9099 1516 1720458084152874900
9099 1517 1720458084200654128
9099 1518 1720458084256393918
9099 1519 1720458084327510210
9099 1520 1720458084348773923
9099 1521 1720458084402424404
9099 1522 1720458084452303714
9099 1523 1720458084500755474
9099 1524 1720458084553800977
9099 1525 1720458084600633853
9099 1526 1720458084648597757
9099 1527 1720458084696940899
9099 1528 1720458084751148934
9099 1529 1720458084813670684
9099 1530 1720458084869950989
9099 1531 1720458084902321268
9099 1532 1720458084969114423
9099 1533 1720458085026913572
9099 1534 1720458085048790565
9099 1535 1720458085096825432
9099 1536 1720458085152804895
9099 1537 1720458085200733924
9099 1538 1720458085252802763
9099 1539 1720458085307689570
9099 1540 1720458085366623108
9099 1541 1720458085423586231
9099 1542 1720458085450798294
9099 1543 1720458085499134096
9099 1544 1720458085550763140
9099 1545 1720458085598458763
9099 1546 1720458085658645303
9099 1547 1720458085712689647
9099 1548 1720458085756786175
9099 1549 1720458085817276226
9099 1550 1720458085875904766
9099 1551 1720458085924649543
9099 1552 1720458085970699369
9099 1553 1720458086025678364
9099 1554 1720458086080611807
9099 1555 1720458086106323606
9099 1556 1720458086186708330
9099 1557 1720458086210688928
9099 1558 1720458086273398302
9099 1559 1720458086314582003
9099 1560 1720458086372738719
9099 1561 1720458086420570065
9099 1562 1720458086472801990
9099 1563 1720458086524176285
9099 1564 1720458086572633807
9099 1565 1720458086622942019
9099 1566 1720458086684686398
9099 1567 1720458086744096958
9099 1568 1720458086776844420
9099 1569 1720458086830866145
9099 1570 1720458086882604198
9099 1571 1720458086924797220
9099 1572 1720458086974286354
9099 1573 1720458087037659745
9099 1574 1720458087070165975
9099 1575 1720458087131943706
9099 1576 1720458087187651397
9099 1577 1720458087250466322
9099 1578 1720458087276744983
9099 1579 1720458087320712154
9099 1580 1720458087372764319
9099 1581 1720458087420844634
9099 1582 1720458087473496498
9099 1583 1720458087529262269
9099 1584 1720458087586991667
9099 1585 1720458087614590833
9099 1586 1720458087668122644
9099 1587 1720458087742865921
9099 1588 1720458087818406839
9099 1589 1720458087890558331
9099 1590 1720458087981378240
9099 1591 1720458088038147434
9099 1592 1720458088108390286
9099 1593 1720458088174540096
9099 1594 1720458088276370219
9099 1595 1720458088330635786
9099 1596 1720458088400902709
9099 1597 1720458088472377874
9099 1598 1720458088563877020
9099 1599 1720458088618214297
9099 1600 1720458088693488744
9099 1601 1720458088765220924
9099 1602 1720458088838736959
9099 1603 1720458088910742989
9099 1604 1720458088972832785
9099 1605 1720458089032917807
9099 1606 1720458089092889432
9099 1607 1720458089140851043
9099 1608 1720458089192772182
9099 1609 1720458089242342155
9099 1610 1720458089293565901
9099 1611 1720458089340802777
9099 1612 1720458089396986991
9099 1613 1720458089451797023
9099 1614 1720458089520472113
9099 1615 1720458089536707331
9099 1616 1720458089592668924
9099 1617 1720458089634549360
9099 1618 1720458089685925445
9099 1619 1720458089750688600
9099 1620 1720458089802848667
9099 1621 1720458089850400592
9099 1622 1720458089900651827
9099 1623 1720458089958787663
9099 1624 1720458090008802472
9099 1625 1720458090068916746
