9099 0 1720457989889888263
9099 1 1720457990738873840
9099 2 1720457990893917530
9099 3 1720457991093944286
9099 4 1720457991304208419
9099 5 1720457991418922755
9099 6 1720457991519008578
9099 7 1720457991628997323
9099 8 1720457991779740108
9099 9 1720457991903909956
9099 10 1720457992024520335
9099 11 1720457992139709238
9099 12 1720457992200021916
9099 13 1720457992289603587
9099 14 1720457992354889939
9099 15 1720457992439419551
9099 16 1720457992514399636
9099 17 1720457992594448594
9099 18 1720457992669423446
9099 19 1720457992744379759
9099 20 1720457992819566663
9099 21 1720457992899851761
9099 22 1720457992974975379
9099 23 1720457993050003343
9099 24 1720457993125134587
9099 25 1720457993199851743
9099 26 1720457993274965121
9099 27 1720457993354478429
9099 28 1720457993428776388
9099 29 1720457993499795248
9099 30 1720457993575010272
9099 31 1720457993649916230
9099 32 1720457993725188683
9099 33 1720457993799472516
9099 34 1720457993874435040
9099 35 1720457993949398751
9099 36 1720457994024414045
9099 37 1720457994099375256
9099 38 1720457994173826227
9099 39 1720457994245145665
9099 40 1720457994314964152
9099 41 1720457994379863860
9099 42 1720457994439511639
9099 43 1720457994499407698
9099 44 1720457994550000543
9099 45 1720457994609440728
9099 46 1720457994659731017
9099 47 1720457994719941729
9099 48 1720457994770033539
9099 49 1720457994825249622
9099 50 1720457994874845894
9099 51 1720457994922929332
9099 52 1720457994989135092
9099 53 1720457995039121285
9099 54 1720457995084077830
9099 55 1720457995135541574
9099 56 1720457995184506439
9099 57 1720457995234853007
9099 58 1720457995290138190
9099 59 1720457995338287273
9099 60 1720457995399501114
9099 61 1720457995449483866
9099 62 1720457995504562442
9099 63 1720457995552625679
9099 64 1720457995609484452
9099 65 1720457995657468939
9099 66 1720457995695026708
9099 67 1720457995753233620
9099 68 1720457995809575941
9099 69 1720457995859592026
9099 70 1720457995914586234
9099 71 1720457995979525404
9099 72 1720457996025190837
9099 73 1720457996089455353
9099 74 1720457996144437394
9099 75 1720457996214975332
9099 76 1720457996274533025
9099 77 1720457996329439190
9099 78 1720457996390150583
9099 79 1720457996449564235
9099 80 1720457996504508528
9099 81 1720457996552956086
9099 82 1720457996604482935
9099 83 1720457996665079447
9099 84 1720457996745282185
9099 85 1720457996795030370
9099 86 1720457996853984598
9099 87 1720457996929855723
9099 88 1720457996975044507
9099 89 1720457997025767021
9099 90 1720457997075005813
9099 91 1720457997135098925
9099 92 1720457997183801506
9099 93 1720457997233824383
9099 94 1720457997289428285
9099 95 1720457997344082374
9099 96 1720457997394355423
9099 97 1720457997454927481
9099 98 1720457997528881809
9099 99 1720457997577085076
9099 100 1720457997615053537
9099 101 1720457997674136179
9099 102 1720457997745688736
9099 103 1720457997809457497
9099 104 1720457997854922340
9099 105 1720457997905195564
9099 106 1720457997969431676
9099 107 1720457998029980363
9099 108 1720457998089567566
9099 109 1720457998139929273
9099 110 1720457998184524454
9099 111 1720457998264408761
9099 112 1720457998319841917
9099 113 1720457998368034815
9099 114 1720457998454836219
9099 115 1720457998502942118
9099 116 1720457998549220899
9099 117 1720457998605735688
9099 118 1720457998654661272
9099 119 1720457998702802444
9099 120 1720457998769898692
9099 121 1720457998839956572
9099 122 1720457998894958418
9099 123 1720457998959941999
9099 124 1720457999044640835
9099 125 1720457999119949671
9099 126 1720457999230139532
9099 127 1720457999354175750
9099 128 1720457999453794267
9099 129 1720457999559812377
9099 130 1720457999673775029
9099 131 1720457999794532065
9099 132 1720457999914828272
9099 133 1720458000015013181
9099 134 1720458000114932455
9099 135 1720458000188725022
9099 136 1720458000259877818
9099 137 1720458000334454713
9099 138 1720458000405093715
9099 139 1720458000479913571
9099 140 1720458000549909820
9099 141 1720458000620033238
9099 142 1720458000694907663
9099 143 1720458000768987341
9099 144 1720458000839736558
9099 145 1720458000913722909
9099 146 1720458000984343933
9099 147 1720458001054903119
9099 148 1720458001129343829
9099 149 1720458001199896788
9099 150 1720458001274355107
9099 151 1720458001345038364
9099 152 1720458001419470864
9099 153 1720458001489920741
9099 154 1720458001563744266
9099 155 1720458001634970990
9099 156 1720458001709531283
9099 157 1720458001779930006
9099 158 1720458001854489999
9099 159 1720458001919991711
9099 160 1720458001985110330
9099 161 1720458002044497445
9099 162 1720458002099899900
9099 163 1720458002154513394
9099 164 1720458002204553590
9099 165 1720458002266725736
9099 166 1720458002300019038
9099 167 1720458002362899080
9099 168 1720458002394173690
9099 169 1720458002460249857
9099 170 1720458002484249084
9099 171 1720458002557089928
9099 172 1720458002599992868
9099 173 1720458002679962884
9099 174 1720458002760066036
9099 175 1720458002835011494
9099 176 1720458002899879353
9099 177 1720458002949874465
9099 178 1720458003000090902
9099 179 1720458003054411026
9099 180 1720458003105189404
9099 181 1720458003164556670
9099 182 1720458003224435886
9099 183 1720458003294594606
9099 184 1720458003364533966
9099 185 1720458003439455202
9099 186 1720458003509965862
9099 187 1720458003583753362
9099 188 1720458003654901087
9099 189 1720458003728744007
9099 190 1720458003799850377
9099 191 1720458003874488471
9099 192 1720458003944485015
9099 193 1720458004014913247
9099 194 1720458004089948846
9099 195 1720458004159876245
9099 196 1720458004234750034
9099 197 1720458004308726988
9099 198 1720458004379493440
9099 199 1720458004449895921
9099 200 1720458004524394282
9099 201 1720458004594874342
9099 202 1720458004669419223
9099 203 1720458004734836038
9099 204 1720458004799511486
9099 205 1720458004854837879
9099 206 1720458004913717801
9099 207 1720458004969925995
9099 208 1720458005024409896
9099 209 1720458005074868891
9099 210 1720458005124919534
9099 211 1720458005172903245
9099 212 1720458005218914712
9099 213 1720458005271255060
9099 214 1720458005303834327
9099 215 1720458005370649788
9099 216 1720458005404813221
9099 217 1720458005467963481
9099 218 1720458005494804808
9099 219 1720458005564525285
9099 220 1720458005580084240
9099 221 1720458005660528053
9099 222 1720458005685375427
9099 223 1720458005757986356
9099 224 1720458005798966568
9099 225 1720458005855970808
9099 226 1720458005894857612
9099 227 1720458005956997476
9099 228 1720458005984875038
9099 229 1720458006057758577
9099 230 1720458006074807827
9099 231 1720458006155220734
9099 232 1720458006164844860
9099 233 1720458006251574943
9099 234 1720458006254862406
9099 235 1720458006348785965
9099 236 1720458006348826327
9099 237 1720458006389554544
9099 238 1720458006448772806
9099 239 1720458006479567816
9099 240 1720458006549717612
9099 241 1720458006569963763
9099 242 1720458006648032068
9099 243 1720458006664644897
9099 244 1720458006744608146
9099 245 1720458006759762019
9099 246 1720458006841649826
9099 247 1720458006874176684
9099 248 1720458006979712463
9099 249 1720458007079698527
9099 250 1720458007169838603
9099 251 1720458007239941567
9099 252 1720458007319431077
9099 253 1720458007414354187
9099 254 1720458007509463766
9099 255 1720458007624579897
9099 256 1720458007714498803
9099 257 1720458007814401362
9099 258 1720458007914497117
9099 259 1720458008035042007
9099 260 1720458008134411082
9099 261 1720458008234925915
9099 262 1720458008324550956
9099 263 1720458008444736381
9099 264 1720458008540056822
9099 265 1720458009069933268
9099 266 1720458009144436159
9099 267 1720458009214916775
9099 268 1720458009289521348
9099 269 1720458009359900066
9099 270 1720458009434735608
9099 271 1720458009509475752
9099 272 1720458009583808580
9099 273 1720458009655006492
9099 274 1720458009729363178
9099 275 1720458009799926694
9099 276 1720458009875020420
9099 277 1720458009949345450
9099 278 1720458010019881509
9099 279 1720458010094342120
9099 280 1720458010165045195
9099 281 1720458010239438595
9099 282 1720458010314388088
9099 283 1720458010385083102
9099 284 1720458010459449043
9099 285 1720458010529904423
9099 286 1720458010604427294
9099 287 1720458010683722671
9099 288 1720458010750000914
9099 289 1720458010814998970
9099 290 1720458010874492545
9099 291 1720458010929924954
9099 292 1720458010983808043
9099 293 1720458011034514935
9099 294 1720458011089933236
9099 295 1720458011140019435
9099 296 1720458011189534420
9099 297 1720458011239558060
9099 298 1720458011283863369
9099 299 1720458011335802016
9099 300 1720458011380149799
9099 301 1720458011462210042
9099 302 1720458011469023974
9099 303 1720458011559176010
9099 304 1720458011579053144
9099 305 1720458011657172060
9099 306 1720458011674618037
9099 307 1720458011762370344
9099 308 1720458011800186091
9099 309 1720458011860462723
9099 310 1720458011889994240
9099 311 1720458011957073790
9099 312 1720458011988836559
9099 313 1720458012053131749
9099 314 1720458012089538696
9099 315 1720458012149100732
9099 316 1720458012189435106
9099 317 1720458012245438647
9099 318 1720458012289535386
9099 319 1720458012341737310
9099 320 1720458012384591292
9099 321 1720458012437581744
9099 322 1720458012485937200
9099 323 1720458012534955561
9099 324 1720458012585088215
9099 325 1720458012639481836
9099 326 1720458012689430112
9099 327 1720458012737745630
9099 328 1720458012788821515
9099 329 1720458012839750054
9099 330 1720458012889931231
9099 331 1720458012955141551
9099 332 1720458013009857856
9099 333 1720458013059830382
9099 334 1720458013109912168
9099 335 1720458013159457590
9099 336 1720458013213874948
9099 337 1720458013262285434
9099 338 1720458013309720339
9099 339 1720458013359979720
9099 340 1720458013414399746
9099 341 1720458013462684211
9099 342 1720458013514973705
9099 343 1720458013569514179
9099 344 1720458013619604768
9099 345 1720458013668910294
9099 346 1720458013714933968
9099 347 1720458013770024557
9099 348 1720458013819933435
9099 349 1720458013873802118
9099 350 1720458013929479486
9099 351 1720458013981806599
9099 352 1720458014028912636
9099 353 1720458014086408623
9099 354 1720458014129917906
9099 355 1720458014188142409
9099 356 1720458014229802761
9099 357 1720458014288769671
9099 358 1720458014334886289
9099 359 1720458014386023423
9099 360 1720458014435378181
9099 361 1720458014489942608
9099 362 1720458014540012226
9099 363 1720458014594692461
9099 364 1720458014644877810
9099 365 1720458014699101412
9099 366 1720458014750123413
9099 367 1720458014840182198
9099 368 1720458014924852521
9099 369 1720458015014499150
9099 370 1720458015109789505
9099 371 1720458015209840965
9099 372 1720458015319440231
9099 373 1720458015419920540
9099 374 1720458015514482899
9099 375 1720458015635123289
9099 376 1720458015739448379
9099 377 1720458015834368853
9099 378 1720458015949948246
9099 379 1720458016039920961
9099 380 1720458016153724513
9099 381 1720458016304918352
9099 382 1720458016399914726
9099 383 1720458016479425934
9099 384 1720458016554477377
9099 385 1720458016629389856
9099 386 1720458016704410367
9099 387 1720458016779575123
9099 388 1720458016855035330
9099 389 1720458016929921881
9099 390 1720458017005173714
9099 391 1720458017079938591
9099 392 1720458017159398074
9099 393 1720458017234442102
9099 394 1720458017309344918
9099 395 1720458017384363153
9099 396 1720458017459476203
9099 397 1720458017534944176
9099 398 1720458017609879035
9099 399 1720458017685079211
9099 400 1720458017759899859
9099 401 1720458017834968734
9099 402 1720458017909926126
9099 403 1720458017989673497
9099 404 1720458018064448151
9099 405 1720458018135047126
9099 406 1720458018203893809
9099 407 1720458018264661641
9099 408 1720458018323990962
9099 409 1720458018379426655
9099 410 1720458018429924680
9099 411 1720458018489396212
9099 412 1720458018534466028
9099 413 1720458018585560122
9099 414 1720458018649543013
9099 415 1720458018730139871
9099 416 1720458018789925049
9099 417 1720458018839801579
9099 418 1720458018885177545
9099 419 1720458018940669529
9099 420 1720458018979550352
9099 421 1720458019039763540
9099 422 1720458019074610827
9099 423 1720458019138797918
9099 424 1720458019169247632
9099 425 1720458019239642986
9099 426 1720458019259944225
9099 427 1720458019335847359
9099 428 1720458019355050572
9099 429 1720458019435495717
9099 430 1720458019450176485
9099 431 1720458019536390315
9099 432 1720458019555337941
9099 433 1720458019636580364
9099 434 1720458019654466855
9099 435 1720458019736669156
9099 436 1720458019745162987
9099 437 1720458019836003164
9099 438 1720458019840087949
9099 439 1720458019936914162
9099 440 1720458019936952930
9099 441 1720458019980024360
9099 442 1720458020041106455
9099 443 1720458020075053304
9099 444 1720458020138689404
9099 445 1720458020179462285
9099 446 1720458020238137200
9099 447 1720458020274935675
9099 448 1720458020337845923
9099 449 1720458020374411544
9099 450 1720458020437049736
9099 451 1720458020465236001
9099 452 1720458020535823933
9099 453 1720458020570108483
9099 454 1720458020633419556
9099 455 1720458020674504916
9099 456 1720458020729387649
9099 457 1720458020825318861
9099 458 1720458020840131151
9099 459 1720458020921761645
9099 460 1720458020974900416
9099 461 1720458021029400403
9099 462 1720458021083777535
9099 463 1720458021139351963
9099 464 1720458021199129745
9099 465 1720458021259428946
9099 466 1720458021319338647
9099 467 1720458021379370064
9099 468 1720458021439343225
9099 469 1720458021499555636
9099 470 1720458021559432933
9099 471 1720458021619480692
9099 472 1720458021679339626
9099 473 1720458021739383003
9099 474 1720458021799486634
9099 475 1720458021859552359
9099 476 1720458021919414112
9099 477 1720458021979400087
9099 478 1720458022039380502
9099 479 1720458022100018111
9099 480 1720458022159471887
9099 481 1720458022219365922
9099 482 1720458022274945922
9099 483 1720458022329441692
9099 484 1720458022380005711
9099 485 1720458022434829575
9099 486 1720458022480012852
9099 487 1720458022531367571
9099 488 1720458022575134792
9099 489 1720458022628973604
9099 490 1720458022669917892
9099 491 1720458022725128674
9099 492 1720458022768787504
9099 493 1720458022844451398
9099 494 1720458022964583892
9099 495 1720458023013292236
9099 496 1720458023050045122
9099 497 1720458023110701509
9099 498 1720458023149135672
9099 499 1720458023207734207
9099 500 1720458023249458120
9099 501 1720458023324513824
9099 502 1720458023438881511
9099 503 1720458023534819723
9099 504 1720458023624153177
9099 505 1720458023729628313
9099 506 1720458023829412745
9099 507 1720458023920184784
9099 508 1720458024029503317
9099 509 1720458024139408715
9099 510 1720458024244536444
9099 511 1720458024354882167
9099 512 1720458024454907579
9099 513 1720458024579957358
9099 514 1720458024659523144
9099 515 1720458024734901259
9099 516 1720458024809945037
9099 517 1720458024889373069
9099 518 1720458024964360635
9099 519 1720458025039891951
9099 520 1720458025119364779
9099 521 1720458025194844005
9099 522 1720458025269888256
9099 523 1720458025348706511
9099 524 1720458025424921609
9099 525 1720458025499943593
9099 526 1720458025578771587
9099 527 1720458025654480092
9099 528 1720458025729965613
9099 529 1720458025809044759
9099 530 1720458025883830781
9099 531 1720458025959708683
9099 532 1720458026034968333
9099 533 1720458026114552410
9099 534 1720458026189424446
9099 535 1720458026259819279
9099 536 1720458026325106627
9099 537 1720458026388831477
9099 538 1720458026444531097
9099 539 1720458026499503983
9099 540 1720458026554379673
9099 541 1720458026609368001
9099 542 1720458026655085997
9099 543 1720458026706552367
9099 544 1720458026750078123
9099 545 1720458026806957807
9099 546 1720458026849388720
9099 547 1720458026907315938
9099 548 1720458026954794786
9099 549 1720458027005907095
9099 550 1720458027040101337
9099 551 1720458027103887374
9099 552 1720458027149544070
9099 553 1720458027205232590
9099 554 1720458027264619883
9099 555 1720458027335007011
9099 556 1720458027388820550
9099 557 1720458027437514928
9099 558 1720458027504506791
9099 559 1720458027554869606
9099 560 1720458027609839650
9099 561 1720458027674884742
9099 562 1720458027734951948
9099 563 1720458027794961550
9099 564 1720458027858835228
9099 565 1720458027919456082
9099 566 1720458027979476353
9099 567 1720458028039380914
9099 568 1720458028099416878
9099 569 1720458028159825499
9099 570 1720458028220098239
9099 571 1720458028279917139
9099 572 1720458028339914359
9099 573 1720458028403754685
9099 574 1720458028464416829
9099 575 1720458028524434831
9099 576 1720458028584397996
9099 577 1720458028644432027
9099 578 1720458028704814889
9099 579 1720458028761301614
9099 580 1720458028814780117
9099 581 1720458028868811599
9099 582 1720458028939711286
9099 583 1720458028989886200
9099 584 1720458029049391553
9099 585 1720458029099886855
9099 586 1720458029154989094
9099 587 1720458029210041953
9099 588 1720458029264377159
9099 589 1720458029314886177
9099 590 1720458029373781569
9099 591 1720458029424360964
9099 592 1720458029475033558
9099 593 1720458029529948277
9099 594 1720458029579829087
9099 595 1720458029635254218
9099 596 1720458029685928647
9099 597 1720458029739412333
9099 598 1720458029785083839
9099 599 1720458029837395311
9099 600 1720458029894941582
9099 601 1720458029949136952
9099 602 1720458029999736258
9099 603 1720458030070708579
9099 604 1720458030104456072
9099 605 1720458030168879692
9099 606 1720458030200009940
9099 607 1720458030266450326
9099 608 1720458030305379898
9099 609 1720458030368344380
9099 610 1720458030409401022
9099 611 1720458030466297261
9099 612 1720458030510114621
9099 613 1720458030569571930
9099 614 1720458030629591824
9099 615 1720458030680007764
9099 616 1720458030734949024
9099 617 1720458030788828570
9099 618 1720458030884698443
9099 619 1720458030940801438
9099 620 1720458031009830746
9099 621 1720458031094907840
9099 622 1720458031179954770
9099 623 1720458031259804710
9099 624 1720458031339822364
9099 625 1720458031429877937
9099 626 1720458031539442554
9099 627 1720458031659430194
9099 628 1720458031749978926
9099 629 1720458031864488510
9099 630 1720458031954966059
9099 631 1720458032054483112
9099 632 1720458032150018370
9099 633 1720458032253866040
9099 634 1720458032334320946
9099 635 1720458032405090197
9099 636 1720458032479362414
9099 637 1720458032554327736
9099 638 1720458032625068266
9099 639 1720458032699515796
9099 640 1720458032773708689
9099 641 1720458032845157236
9099 642 1720458032919842251
9099 643 1720458032994340690
9099 644 1720458033069327798
9099 645 1720458033139827941
9099 646 1720458033214337614
9099 647 1720458033285020715
9099 648 1720458033359430833
9099 649 1720458033434715290
9099 650 1720458033505073345
9099 651 1720458033579696063
9099 652 1720458033653687353
9099 653 1720458033724510112
9099 654 1720458033798711403
9099 655 1720458033870004676
9099 656 1720458033939928863
9099 657 1720458034004357478
9099 658 1720458034064373528
9099 659 1720458034119896500
9099 660 1720458034174300242
9099 661 1720458034224347075
9099 662 1720458034278790718
9099 663 1720458034329082723
9099 664 1720458034369509938
9099 665 1720458034429684127
9099 666 1720458034468828549
9099 667 1720458034536874546
9099 668 1720458034558768995
9099 669 1720458034641437894
9099 670 1720458034641472172
9099 671 1720458034689458779
9099 672 1720458034742057540
9099 673 1720458034774510318
9099 674 1720458034842545612
9099 675 1720458034868789789
9099 676 1720458034941728493
9099 677 1720458034954456108
9099 678 1720458035042696614
9099 679 1720458035042733211
9099 680 1720458035089479531
9099 681 1720458035142095877
9099 682 1720458035174537474
9099 683 1720458035243376802
9099 684 1720458035260091861
9099 685 1720458035344907188
9099 686 1720458035349943523
9099 687 1720458035441576193
9099 688 1720458035441609737
9099 689 1720458035537617281
9099 690 1720458035537652179
9099 691 1720458035570027871
9099 692 1720458035636000812
9099 693 1720458035669876625
9099 694 1720458035734909881
9099 695 1720458035755003836
9099 696 1720458035831085385
9099 697 1720458035849457878
9099 698 1720458035927145892
9099 699 1720458035939034031
9099 700 1720458036025452716
9099 701 1720458036025485213
9099 702 1720458036070032821
9099 703 1720458036123429824
9099 704 1720458036169335564
9099 705 1720458036221520179
9099 706 1720458036319856803
9099 707 1720458036319892294
9099 708 1720458036416052428
9099 709 1720458036424518586
9099 710 1720458036512392876
9099 711 1720458036529343135
9099 712 1720458036610042545
9099 713 1720458036638695942
9099 714 1720458036706178722
9099 715 1720458036745049879
9099 716 1720458036802148853
9099 717 1720458036898772868
9099 718 1720458036913732332
9099 719 1720458036994975497
9099 720 1720458037014951088
9099 721 1720458037091642656
9099 722 1720458037119877295
9099 723 1720458037189969572
9099 724 1720458037224444984
9099 725 1720458037285993758
9099 726 1720458037324460771
9099 727 1720458037382782821
9099 728 1720458037424741912
9099 729 1720458037480461140
9099 730 1720458037524680040
9099 731 1720458037577471680
9099 732 1720458037625097427
9099 733 1720458037676607681
9099 734 1720458037720101446
9099 735 1720458037774715469
9099 736 1720458037819595386
9099 737 1720458037871256571
9099 738 1720458037968130366
9099 739 1720458037974543499
9099 740 1720458038065721420
9099 741 1720458038069826265
9099 742 1720458038162014404
9099 743 1720458038169363315
9099 744 1720458038258778442
9099 745 1720458038265148134
9099 746 1720458038354864352
9099 747 1720458038369377331
9099 748 1720458038451027276
9099 749 1720458038465234172
9099 750 1720458038548113042
9099 751 1720458038569401666
9099 752 1720458038647848042
9099 753 1720458038669876753
9099 754 1720458038746424912
9099 755 1720458038779073829
9099 756 1720458038859912677
9099 757 1720458038940932029
9099 758 1720458039015004125
9099 759 1720458039074739623
9099 760 1720458039159850780
9099 761 1720458039234953681
9099 762 1720458039319072682
9099 763 1720458039403976116
9099 764 1720458039489470169
9099 765 1720458039578683432
9099 766 1720458039659844089
9099 767 1720458039734709318
9099 768 1720458039805110672
9099 769 1720458039879466675
9099 770 1720458039949825606
9099 771 1720458040023745828
9099 772 1720458040094787162
9099 773 1720458040168740605
9099 774 1720458040239847433
9099 775 1720458040313672603
9099 776 1720458040384440934
9099 777 1720458040459627885
9099 778 1720458040529800975
9099 779 1720458040604290457
9099 780 1720458040674812172
9099 781 1720458040748655232
9099 782 1720458040819831202
9099 783 1720458040893680786
9099 784 1720458040964342204
9099 785 1720458041034807656
9099 786 1720458041099306022
9099 787 1720458041159343208
9099 788 1720458041214850945
9099 789 1720458041268849179
9099 790 1720458041324757244
9099 791 1720458041379781565
9099 792 1720458041434935228
9099 793 1720458041489849790
9099 794 1720458041539602555
9099 795 1720458041587803234
9099 796 1720458041634522124
9099 797 1720458041689529480
9099 798 1720458041734837841
9099 799 1720458041786978649
9099 800 1720458041836127151
9099 801 1720458041885204779
9099 802 1720458041934613265
9099 803 1720458041986093438
9099 804 1720458042033803049
9099 805 1720458042088785432
9099 806 1720458042134925411
9099 807 1720458042188658507
9099 808 1720458042234527879
9099 809 1720458042289342235
9099 810 1720458042334952843
9099 811 1720458042388760784
9099 812 1720458042438812848
9099 813 1720458042489905267
9099 814 1720458042539761844
9099 815 1720458042589923957
9099 816 1720458042639329221
9099 817 1720458042693756834
9099 818 1720458042743793693
9099 819 1720458042793266531
9099 820 1720458042839328394
9099 821 1720458042893020480
9099 822 1720458042943794943
9099 823 1720458042994362091
9099 824 1720458043049375208
9099 825 1720458043099878923
9099 826 1720458043159408725
9099 827 1720458043214304788
9099 828 1720458043265057247
9099 829 1720458043318724958
9099 830 1720458043369975814
9099 831 1720458043420054970
9099 832 1720458043474813033
9099 833 1720458043529424440
9099 834 1720458043579914257
9099 835 1720458043639424897
9099 836 1720458043699938623
9099 837 1720458043754357514
9099 838 1720458043809426978
9099 839 1720458043869361860
9099 840 1720458043918827381
9099 841 1720458043969920132
9099 842 1720458044024890025
9099 843 1720458044089518925
9099 844 1720458044143727067
9099 845 1720458044193761571
9099 846 1720458044249481213
9099 847 1720458044299979954
9099 848 1720458044349939921
9099 849 1720458044409337915
9099 850 1720458044459569673
9099 851 1720458044509955816
9099 852 1720458044569443539
9099 853 1720458044619907806
9099 854 1720458044673717488
9099 855 1720458044729473397
9099 856 1720458044779568437
9099 857 1720458044829996473
9099 858 1720458044889441175
9099 859 1720458044968811192
9099 860 1720458045019444095
9099 861 1720458045069847680
9099 862 1720458045123844888
9099 863 1720458045174309209
9099 864 1720458045228761769
9099 865 1720458045279522888
9099 866 1720458045333807738
9099 867 1720458045382299744
9099 868 1720458045439505746
9099 869 1720458045489957978
9099 870 1720458045543797544
9099 871 1720458045594790863
9099 872 1720458045659820424
9099 873 1720458045714468918
9099 874 1720458045769401122
9099 875 1720458045819925368
9099 876 1720458045874363143
9099 877 1720458045924535221
9099 878 1720458045974350332
9099 879 1720458046028745059
9099 880 1720458046079367599
9099 881 1720458046134354191
9099 882 1720458046185067075
9099 883 1720458046239518338
9099 884 1720458046294880037
9099 885 1720458046349504981
9099 886 1720458046399868373
9099 887 1720458046459112103
9099 888 1720458046509693118
9099 889 1720458046559994075
9099 890 1720458046624479122
9099 891 1720458046679939149
9099 892 1720458046734428227
9099 893 1720458046785112765
9099 894 1720458046920271849
9099 895 1720458047000023057
9099 896 1720458047084511561
9099 897 1720458047149515000
9099 898 1720458047224362604
9099 899 1720458047314917330
9099 900 1720458047404581757
9099 901 1720458047509313205
9099 902 1720458047614852925
9099 903 1720458047719895376
9099 904 1720458047799861402
9099 905 1720458047874813432
9099 906 1720458047949864004
9099 907 1720458048024974912
9099 908 1720458048099862674
9099 909 1720458048174811785
9099 910 1720458048253762961
9099 911 1720458048329721220
9099 912 1720458048404361478
9099 913 1720458048479828754
9099 914 1720458048554333648
9099 915 1720458048629353674
9099 916 1720458048704438584
9099 917 1720458048779381853
9099 918 1720458048854365908
9099 919 1720458048929770871
9099 920 1720458049004427408
9099 921 1720458049079421798
9099 922 1720458049154927083
9099 923 1720458049229382009
9099 924 1720458049294805014
9099 925 1720458049358709614
9099 926 1720458049414908131
9099 927 1720458049469377521
9099 928 1720458049523781466
9099 929 1720458049579478892
9099 930 1720458049629598656
9099 931 1720458049680335415
9099 932 1720458049719891041
9099 933 1720458049779975804
9099 934 1720458049814710440
9099 935 1720458049879101046
9099 936 1720458049919863636
9099 937 1720458049999866086
9099 938 1720458050079941072
9099 939 1720458050155010844
9099 940 1720458050214337181
9099 941 1720458050265080763
9099 942 1720458050319347452
9099 943 1720458050378678918
9099 944 1720458050434871874
9099 945 1720458050494381896
9099 946 1720458050559342582
9099 947 1720458050624988073
9099 948 1720458050699845203
9099 949 1720458050774811503
9099 950 1720458050849852103
9099 951 1720458050928684015
9099 952 1720458051004333308
9099 953 1720458051079350735
9099 954 1720458051154608044
9099 955 1720458051229498399
9099 956 1720458051304493742
9099 957 1720458051379762818
9099 958 1720458051454524392
9099 959 1720458051529618282
9099 960 1720458051605058226
9099 961 1720458051679849384
9099 962 1720458051754849337
9099 963 1720458051829913739
9099 964 1720458051908683682
9099 965 1720458051974797080
9099 966 1720458052039373459
9099 967 1720458052099321079
9099 968 1720458052154336653
9099 969 1720458052209970124
9099 970 1720458052263755382
9099 971 1720458052318724558
9099 972 1720458052364511754
9099 973 1720458052417550538
9099 974 1720458052459695390
9099 975 1720458052518113376
9099 976 1720458052569524669
9099 977 1720458052649972993
9099 978 1720458052729392336
9099 979 1720458052799859572
9099 980 1720458052850026366
9099 981 1720458052909493894
9099 982 1720458052974689611
9099 983 1720458053025079648
9099 984 1720458053079903034
9099 985 1720458053134279642
9099 986 1720458053193683439
9099 987 1720458053254756147
9099 988 1720458053324563119
9099 989 1720458053399431643
9099 990 1720458053474654449
9099 991 1720458053549446233
9099 992 1720458053625004801
9099 993 1720458053699817619
9099 994 1720458053774842174
9099 995 1720458053849881161
9099 996 1720458053928678343
9099 997 1720458054003678379
9099 998 1720458054079312428
9099 999 1720458054154265501
9099 1000 1720458054229348140
9099 1001 1720458054305077756
9099 1002 1720458054379829625
9099 1003 1720458054454784081
9099 1004 1720458054529790181
9099 1005 1720458054599274147
9099 1006 1720458054659852088
9099 1007 1720458054719934235
9099 1008 1720458054774865700
9099 1009 1720458054865033217
9099 1010 1720458054944362213
9099 1011 1720458055009438280
9099 1012 1720458055064327797
9099 1013 1720458055128701180
9099 1014 1720458055179906016
9099 1015 1720458055239492358
9099 1016 1720458055329835759
9099 1017 1720458055414650411
9099 1018 1720458055499451128
9099 1019 1720458055599547806
9099 1020 1720458055694430206
9099 1021 1720458055789868623
9099 1022 1720458055864297067
9099 1023 1720458055939811140
9099 1024 1720458056014812066
9099 1025 1720458056089812596
9099 1026 1720458056168727833
9099 1027 1720458056244429887
9099 1028 1720458056319698099
9099 1029 1720458056394769272
9099 1030 1720458056469850484
9099 1031 1720458056548914167
9099 1032 1720458056624312897
9099 1033 1720458056699395872
9099 1034 1720458056774779042
9099 1035 1720458056849951055
9099 1036 1720458056929299133
9099 1037 1720458057004390585
9099 1038 1720458057079795946
9099 1039 1720458057155029136
9099 1040 1720458057229900221
9099 1041 1720458057299322806
9099 1042 1720458057369296222
9099 1043 1720458057434873371
9099 1044 1720458057489728019
9099 1045 1720458057544961058
9099 1046 1720458057599942636
9099 1047 1720458057669799838
9099 1048 1720458057729822532
9099 1049 1720458057780014699
9099 1050 1720458057834579978
9099 1051 1720458057885078236
9099 1052 1720458057935032748
9099 1053 1720458057994858238
9099 1054 1720458058049723032
9099 1055 1720458058100514762
9099 1056 1720458058154898898
9099 1057 1720458058209788904
9099 1058 1720458058260619507
9099 1059 1720458058310417924
9099 1060 1720458058360463123
9099 1061 1720458058414837327
9099 1062 1720458058465098953
9099 1063 1720458058515521098
9099 1064 1720458058568783133
9099 1065 1720458058618527048
9099 1066 1720458058669100293
9099 1067 1720458058721041391
9099 1068 1720458058773921640
9099 1069 1720458058824429529
9099 1070 1720458058874352519
9099 1071 1720458058934888791
9099 1072 1720458058989301648
9099 1073 1720458059039841078
9099 1074 1720458059094383097
9099 1075 1720458059149748407
9099 1076 1720458059199457104
9099 1077 1720458059254325692
9099 1078 1720458059305151683
9099 1079 1720458059355509935
9099 1080 1720458059414910284
9099 1081 1720458059465096111
9099 1082 1720458059516062377
9099 1083 1720458059569345768
9099 1084 1720458059619957687
9099 1085 1720458059671432187
9099 1086 1720458059720996073
9099 1087 1720458059775424720
9099 1088 1720458059825106201
9099 1089 1720458059882039306
9099 1090 1720458059931875476
9099 1091 1720458059985686989
9099 1092 1720458060035082910
9099 1093 1720458060089343227
9099 1094 1720458060139376785
9099 1095 1720458060189833331
9099 1096 1720458060239940426
9099 1097 1720458060293728492
9099 1098 1720458060344392161
9099 1099 1720458060395142904
9099 1100 1720458060449889709
9099 1101 1720458060499781836
9099 1102 1720458060559459320
9099 1103 1720458060609864516
9099 1104 1720458060668722911
9099 1105 1720458060719371562
9099 1106 1720458060774400144
9099 1107 1720458060825062883
9099 1108 1720458060874901414
9099 1109 1720458060959849326
9099 1110 1720458061019839710
9099 1111 1720458061074853430
9099 1112 1720458061129807129
9099 1113 1720458061179937366
9099 1114 1720458061234870142
9099 1115 1720458061289915423
9099 1116 1720458061349384439
9099 1117 1720458061399677721
9099 1118 1720458061459391883
9099 1119 1720458061519820468
9099 1120 1720458061569841874
9099 1121 1720458061624559225
9099 1122 1720458061675036695
9099 1123 1720458061729712831
9099 1124 1720458061779406654
9099 1125 1720458061829846241
9099 1126 1720458061879892200
9099 1127 1720458061934370401
9099 1128 1720458061984358033
9099 1129 1720458062036221528
9099 1130 1720458062086218343
9099 1131 1720458062135951632
9099 1132 1720458062185279239
9099 1133 1720458062234785367
9099 1134 1720458062289938492
9099 1135 1720458062344491479
9099 1136 1720458062394843639
9099 1137 1720458062445137296
9099 1138 1720458062499366481
9099 1139 1720458062549411689
9099 1140 1720458062599928403
9099 1141 1720458062654332982
9099 1142 1720458062709900315
9099 1143 1720458062769564316
9099 1144 1720458062850023526
9099 1145 1720458062914348556
9099 1146 1720458062979988693
9099 1147 1720458063034754513
9099 1148 1720458063094829427
9099 1149 1720458063154325833
9099 1150 1720458063224445160
9099 1151 1720458063303680439
9099 1152 1720458063394311921
9099 1153 1720458063494747183
9099 1154 1720458063605028972
9099 1155 1720458063679804890
9099 1156 1720458063754752394
9099 1157 1720458063829781862
9099 1158 1720458063904427243
9099 1159 1720458063979318720
9099 1160 1720458064054284815
9099 1161 1720458064128650857
9099 1162 1720458064205009921
9099 1163 1720458064279815770
9099 1164 1720458064354281333
9099 1165 1720458064429290343
9099 1166 1720458064504303063
9099 1167 1720458064578671573
9099 1168 1720458064649851010
9099 1169 1720458064728683793
9099 1170 1720458064799848840
9099 1171 1720458064874797990
9099 1172 1720458064949840760
9099 1173 1720458065024998483
9099 1174 1720458065089856244
9099 1175 1720458065154353525
9099 1176 1720458065214342463
9099 1177 1720458065268679931
9099 1178 1720458065319940114
9099 1179 1720458065374881661
9099 1180 1720458065425522070
9099 1181 1720458065476582150
9099 1182 1720458065519500707
9099 1183 1720458065582646585
9099 1184 1720458065609866055
9099 1185 1720458065684732659
9099 1186 1720458065699831916
9099 1187 1720458065785835286
9099 1188 1720458065789548922
9099 1189 1720458065829975600
9099 1190 1720458065885146954
9099 1191 1720458065929898162
9099 1192 1720458065983136061
9099 1193 1720458066019931281
9099 1194 1720458066081625728
9099 1195 1720458066114097651
9099 1196 1720458066180688846
9099 1197 1720458066198693718
9099 1198 1720458066282518921
9099 1199 1720458066289308526
9099 1200 1720458066384270508
9099 1201 1720458066384307836
9099 1202 1720458066423755479
9099 1203 1720458066486907257
9099 1204 1720458066537499605
9099 1205 1720458066589653924
9099 1206 1720458066700602741
9099 1207 1720458066700640144
9099 1208 1720458066739922109
9099 1209 1720458066796934809
9099 1210 1720458066834835685
9099 1211 1720458066893487811
9099 1212 1720458066924399336
9099 1213 1720458066990407463
9099 1214 1720458067014951947
9099 1215 1720458067086667800
9099 1216 1720458067108679808
9099 1217 1720458067182248445
9099 1218 1720458067199366332
9099 1219 1720458067278797381
9099 1220 1720458067289914812
9099 1221 1720458067375357829
9099 1222 1720458067379809076
9099 1223 1720458067471072599
9099 1224 1720458067473775470
9099 1225 1720458067568314261
9099 1226 1720458067568349084
9099 1227 1720458067609951186
9099 1228 1720458067665855158
9099 1229 1720458067699852238
9099 1230 1720458067762187035
9099 1231 1720458067790059042
9099 1232 1720458067860019303
9099 1233 1720458067878938832
9099 1234 1720458067957881220
9099 1235 1720458067969976454
9099 1236 1720458068058222191
9099 1237 1720458068069619671
9099 1238 1720458068105137826
9099 1239 1720458068159633927
9099 1240 1720458068253659809
9099 1241 1720458068269053856
9099 1242 1720458068351155137
9099 1243 1720458068354143585
9099 1244 1720458068394966382
9099 1245 1720458068452786900
9099 1246 1720458068489723578
9099 1247 1720458068549975656
9099 1248 1720458068574907553
9099 1249 1720458068646347194
9099 1250 1720458068669985024
9099 1251 1720458068743520375
9099 1252 1720458068764255221
9099 1253 1720458068839178604
9099 1254 1720458068859416858
9099 1255 1720458068935441423
9099 1256 1720458068978820860
9099 1257 1720458069031193312
9099 1258 1720458069126789112
9099 1259 1720458069130022183
9099 1260 1720458069224148964
9099 1261 1720458069229945425
9099 1262 1720458069321491875
9099 1263 1720458069334843310
9099 1264 1720458069419899159
9099 1265 1720458069434916200
9099 1266 1720458069521959108
9099 1267 1720458069539382758
9099 1268 1720458070049670228
9099 1269 1720458070100006128
9099 1270 1720458070149800592
9099 1271 1720458070199859600
9099 1272 1720458070254367743
9099 1273 1720458070304413363
9099 1274 1720458070359281591
9099 1275 1720458070409420021
9099 1276 1720458070459441474
9099 1277 1720458070509891162
9099 1278 1720458070559802399
9099 1279 1720458070614293252
9099 1280 1720458070664493118
9099 1281 1720458070714824415
9099 1282 1720458070769351480
9099 1283 1720458070819307597
9099 1284 1720458070894975163
9099 1285 1720458070969399045
9099 1286 1720458071043818338
9099 1287 1720458071109448450
9099 1288 1720458071194293987
9099 1289 1720458071249818395
9099 1290 1720458071334913465
9099 1291 1720458071434785781
9099 1292 1720458071534380990
9099 1293 1720458071605078941
9099 1294 1720458071679262348
9099 1295 1720458071749825945
9099 1296 1720458071824278530
9099 1297 1720458071894831137
9099 1298 1720458071969302662
9099 1299 1720458072039835953
9099 1300 1720458072114405610
9099 1301 1720458072184987705
9099 1302 1720458072259672177
9099 1303 1720458072329932197
9099 1304 1720458072404364525
9099 1305 1720458072474832382
9099 1306 1720458072549280395
9099 1307 1720458072619863194
9099 1308 1720458072694285327
9099 1309 1720458072765021959
9099 1310 1720458072839344230
9099 1311 1720458072909805846
9099 1312 1720458072974816442
9099 1313 1720458073039401635
9099 1314 1720458073094768995
9099 1315 1720458073149798948
9099 1316 1720458073204399374
9099 1317 1720458073254800715
9099 1318 1720458073318680197
9099 1319 1720458073369505765
9099 1320 1720458073419786351
9099 1321 1720458073473719221
9099 1322 1720458073519970919
9099 1323 1720458073574837914
9099 1324 1720458073629737124
9099 1325 1720458073679708679
9099 1326 1720458073729798579
9099 1327 1720458073779809002
9099 1328 1720458073834387239
9099 1329 1720458073889367058
9099 1330 1720458073934867868
9099 1331 1720458073989305811
9099 1332 1720458074039833634
9099 1333 1720458074094880320
9099 1334 1720458074145188099
9099 1335 1720458074194869755
9099 1336 1720458074249407576
9099 1337 1720458074298791895
9099 1338 1720458074345159853
9099 1339 1720458074400287096
9099 1340 1720458074459908033
9099 1341 1720458074509838067
9099 1342 1720458074559844016
9099 1343 1720458074609894796
9099 1344 1720458074659778968
9099 1345 1720458074709401918
9099 1346 1720458074759902847
9099 1347 1720458074814367251
9099 1348 1720458074864330498
9099 1349 1720458074913662841
9099 1350 1720458074965127958
9099 1351 1720458075014963550
9099 1352 1720458075069107076
9099 1353 1720458075117990273
9099 1354 1720458075169665397
9099 1355 1720458075219877694
9099 1356 1720458075269784064
9099 1357 1720458075319856856
9099 1358 1720458075374628833
9099 1359 1720458075423760666
9099 1360 1720458075475060997
9099 1361 1720458075524556723
9099 1362 1720458075574784469
9099 1363 1720458075624994985
9099 1364 1720458075674870727
9099 1365 1720458075729821946
9099 1366 1720458075779793895
9099 1367 1720458075834901450
9099 1368 1720458075889813764
9099 1369 1720458075939399985
9099 1370 1720458075989425023
9099 1371 1720458076039417469
9099 1372 1720458076089853954
9099 1373 1720458076154392927
9099 1374 1720458076229875186
9099 1375 1720458076279740777
9099 1376 1720458076334891103
9099 1377 1720458076385120945
9099 1378 1720458076434938430
9099 1379 1720458076489963996
9099 1380 1720458076539913504
9099 1381 1720458076589833140
9099 1382 1720458076640421859
9099 1383 1720458076694864319
9099 1384 1720458076744453084
9099 1385 1720458076799416820
9099 1386 1720458076849351866
9099 1387 1720458076899847851
9099 1388 1720458076954313832
9099 1389 1720458077009388556
9099 1390 1720458077058970220
9099 1391 1720458077108614907
9099 1392 1720458077154787086
9099 1393 1720458077209379677
9099 1394 1720458077259365355
9099 1395 1720458077313739357
9099 1396 1720458077359974973
9099 1397 1720458077413765009
9099 1398 1720458077464342373
9099 1399 1720458077514431073
9099 1400 1720458077564357152
9099 1401 1720458077613840602
9099 1402 1720458077659367487
9099 1403 1720458077711983234
9099 1404 1720458077761292534
9099 1405 1720458077814820569
9099 1406 1720458077864335481
9099 1407 1720458077914393728
9099 1408 1720458077969809357
9099 1409 1720458078024740604
9099 1410 1720458078079857737
9099 1411 1720458078134816666
9099 1412 1720458078189416923
9099 1413 1720458078238270335
9099 1414 1720458078289275366
9099 1415 1720458078339845335
9099 1416 1720458078394341220
9099 1417 1720458078445028735
9099 1418 1720458078494937756
9099 1419 1720458078545091426
9099 1420 1720458078594885352
9099 1421 1720458078644746699
9099 1422 1720458078694711500
9099 1423 1720458078744179806
9099 1424 1720458078789933331
9099 1425 1720458078840802738
9099 1426 1720458078919799557
9099 1427 1720458079029523283
9099 1428 1720458079109745852
9099 1429 1720458079174925202
9099 1430 1720458079259282193
9099 1431 1720458079329822797
9099 1432 1720458079419283006
9099 1433 1720458079505080304
9099 1434 1720458079579855583
9099 1435 1720458079649868280
9099 1436 1720458079724988370
9099 1437 1720458079799243543
9099 1438 1720458079869829984
9099 1439 1720458079944693508
9099 1440 1720458080014871326
9099 1441 1720458080089518222
9099 1442 1720458080159807884
9099 1443 1720458080234795764
9099 1444 1720458080308669331
9099 1445 1720458080379767962
9099 1446 1720458080454276260
9099 1447 1720458080524995412
9099 1448 1720458080599289029
9099 1449 1720458080669828054
9099 1450 1720458080744984763
9099 1451 1720458080819354555
9099 1452 1720458080884286054
9099 1453 1720458080944260577
9099 1454 1720458081003748187
9099 1455 1720458081056469188
9099 1456 1720458081109312361
9099 1457 1720458081158631356
9099 1458 1720458081209475047
9099 1459 1720458081260611986
9099 1460 1720458081299845011
9099 1461 1720458081357400806
9099 1462 1720458081404524528
9099 1463 1720458081454154986
9099 1464 1720458081499521806
9099 1465 1720458081550631022
9099 1466 1720458081589353740
9099 1467 1720458081647346772
9099 1468 1720458081689880502
9099 1469 1720458081746974404
9099 1470 1720458081788736528
9099 1471 1720458081846571632
9099 1472 1720458081889338973
9099 1473 1720458081947231382
9099 1474 1720458081994400485
9099 1475 1720458082044936712
9099 1476 1720458082088785251
9099 1477 1720458082154609558
9099 1478 1720458082179858154
9099 1479 1720458082251139342
9099 1480 1720458082269868990
9099 1481 1720458082347490591
9099 1482 1720458082359823305
9099 1483 1720458082445369543
9099 1484 1720458082453764421
9099 1485 1720458082545018549
9099 1486 1720458082545055965
9099 1487 1720458082589426220
9099 1488 1720458082644398203
9099 1489 1720458082679911291
9099 1490 1720458082741310870
9099 1491 1720458082773748616
9099 1492 1720458082838671282
9099 1493 1720458082864356662
9099 1494 1720458082941564691
9099 1495 1720458082959475986
9099 1496 1720458083038446913
9099 1497 1720458083049645410
9099 1498 1720458083135574732
9099 1499 1720458083144420917
9099 1500 1720458083234864603
9099 1501 1720458083239506988
9099 1502 1720458083333876977
9099 1503 1720458083334253096
9099 1504 1720458083432623934
9099 1505 1720458083445179577
9099 1506 1720458083542105506
9099 1507 1720458083542143619
9099 1508 1720458083585251059
9099 1509 1720458083642491741
9099 1510 1720458083679935602
9099 1511 1720458083744505889
9099 1512 1720458083774967766
9099 1513 1720458083841332550
9099 1514 1720458083865157729
9099 1515 1720458083941481336
9099 1516 1720458083974577030
9099 1517 1720458084040272587
9099 1518 1720458084074340356
9099 1519 1720458084139409658
9099 1520 1720458084165127266
9099 1521 1720458084239406015
9099 1522 1720458084263769517
9099 1523 1720458084339578623
9099 1524 1720458084369303718
9099 1525 1720458084438654560
9099 1526 1720458084459929939
9099 1527 1720458084538521799
9099 1528 1720458084559326505
9099 1529 1720458084639701218
9099 1530 1720458084659841252
9099 1531 1720458084739636442
9099 1532 1720458084759929424
9099 1533 1720458084839477579
9099 1534 1720458084858753685
9099 1535 1720458084938693160
9099 1536 1720458084959465766
9099 1537 1720458085038476393
9099 1538 1720458085054333592
9099 1539 1720458085138442544
9099 1540 1720458085144398551
9099 1541 1720458085238819528
9099 1542 1720458085239455116
9099 1543 1720458085284470132
9099 1544 1720458085339002692
9099 1545 1720458085379301974
9099 1546 1720458085440729486
9099 1547 1720458085469405190
9099 1548 1720458085541252768
9099 1549 1720458085568682511
9099 1550 1720458085643300026
9099 1551 1720458085690077401
9099 1552 1720458085747019349
9099 1553 1720458085783689520
9099 1554 1720458085848020365
9099 1555 1720458085878697853
9099 1556 1720458085948699476
9099 1557 1720458085969894385
9099 1558 1720458086046200635
9099 1559 1720458086059480003
9099 1560 1720458086147944321
9099 1561 1720458086159872281
9099 1562 1720458086256999721
9099 1563 1720458086257034884
9099 1564 1720458086294797734
9099 1565 1720458086358113767
9099 1566 1720458086389835268
9099 1567 1720458086458673267
9099 1568 1720458086479901032
9099 1569 1720458086558850328
9099 1570 1720458086570064854
9099 1571 1720458086668035222
9099 1572 1720458086668220245
9099 1573 1720458086709388056
9099 1574 1720458086768563530
9099 1575 1720458086799989461
9099 1576 1720458086866081273
9099 1577 1720458086964452729
9099 1578 1720458087000005323
9099 1579 1720458087089336624
9099 1580 1720458087174968179
9099 1581 1720458087260520250
9099 1582 1720458087357967913
9099 1583 1720458087404614393
9099 1584 1720458087469276531
9099 1585 1720458087557160394
9099 1586 1720458087608745161
9099 1587 1720458087679833879
9099 1588 1720458087754308564
9099 1589 1720458087829306888
9099 1590 1720458087899764349
9099 1591 1720458087974379690
9099 1592 1720458088049352112
9099 1593 1720458088119798875
9099 1594 1720458088194279038
9099 1595 1720458088268779993
9099 1596 1720458088339829407
9099 1597 1720458088414282247
9099 1598 1720458088484967622
9099 1599 1720458088559268143
9099 1600 1720458088634306137
9099 1601 1720458088705035542
9099 1602 1720458088779292782
9099 1603 1720458088849323756
9099 1604 1720458088914318973
9099 1605 1720458088969823520
9099 1606 1720458089029303691
9099 1607 1720458089079804289
9099 1608 1720458089134402647
9099 1609 1720458089185114687
9099 1610 1720458089229979621
9099 1611 1720458089283382015
9099 1612 1720458089320025905
9099 1613 1720458089381297158
9099 1614 1720458089418711330
9099 1615 1720458089478836115
9099 1616 1720458089503735748
9099 1617 1720458089576483216
9099 1618 1720458089624446644
9099 1619 1720458089689361952
9099 1620 1720458089743703159
9099 1621 1720458089794434663
9099 1622 1720458089839889257
9099 1623 1720458089893724593
9099 1624 1720458089944314477
9099 1625 1720458089994323946
9099 1626 1720458090049328778
9099 1627 1720458090109517491
9099 1628 1720458090174953584
9099 1629 1720458090234831644
9099 1630 1720458090304286334
9099 1631 1720458090369235347
