9099 0 1720457990056165776
9099 1 1720457990798838877
9099 2 1720457990953746261
9099 3 1720457991156404439
9099 4 1720457991363915597
9099 5 1720457991479927331
9099 6 1720457991580300417
9099 7 1720457991681175190
9099 8 1720457991831370574
9099 9 1720457991955662081
9099 10 1720457992076025285
9099 11 1720457992191522747
9099 12 1720457992250768372
9099 13 1720457992338205694
9099 14 1720457992403494003
9099 15 1720457992485875684
9099 16 1720457992560705680
9099 17 1720457992640909495
9099 18 1720457992715748246
9099 19 1720457992790738672
9099 20 1720457992867402523
9099 21 1720457992956304592
9099 22 1720457993023629419
9099 23 1720457993099046253
9099 24 1720457993173820681
9099 25 1720457993248898102
9099 26 1720457993323468548
9099 27 1720457993406969721
9099 28 1720457993477201411
9099 29 1720457993548395598
9099 30 1720457993623627868
9099 31 1720457993702602689
9099 32 1720457993771606120
9099 33 1720457993845891836
9099 34 1720457993921259199
9099 35 1720457993995824793
9099 36 1720457994070911344
9099 37 1720457994145739548
9099 38 1720457994220340275
9099 39 1720457994291400090
9099 40 1720457994361308800
9099 41 1720457994426609096
9099 42 1720457994486080004
9099 43 1720457994545782541
9099 44 1720457994596297401
9099 45 1720457994659916796
9099 46 1720457994708038175
9099 47 1720457994766308252
9099 48 1720457994816351561
9099 49 1720457994871655318
9099 50 1720457994921226970
9099 51 1720457994974567621
9099 52 1720457995035789144
9099 53 1720457995085806067
9099 54 1720457995134081537
9099 55 1720457995182386284
9099 56 1720457995231123852
9099 57 1720457995281319822
9099 58 1720457995336638636
9099 59 1720457995384756916
9099 60 1720457995446269813
9099 61 1720457995496290462
9099 62 1720457995550975066
9099 63 1720457995599263128
9099 64 1720457995656052626
9099 65 1720457995703982445
9099 66 1720457995751637318
9099 67 1720457995800018155
9099 68 1720457995856065685
9099 69 1720457995906069921
9099 70 1720457995961304108
9099 71 1720457996028192817
9099 72 1720457996075705247
9099 73 1720457996136116867
9099 74 1720457996191131354
9099 75 1720457996261511140
9099 76 1720457996321185937
9099 77 1720457996376329104
9099 78 1720457996436947509
9099 79 1720457996496250338
9099 80 1720457996551324591
9099 81 1720457996599335606
9099 82 1720457996651374083
9099 83 1720457996711742513
9099 84 1720457996791775119
9099 85 1720457996841615867
9099 86 1720457996900788281
9099 87 1720457996976376584
9099 88 1720457997024080447
9099 89 1720457997072557733
9099 90 1720457997121459617
9099 91 1720457997181902806
9099 92 1720457997231071430
9099 93 1720457997280645156
9099 94 1720457997336191073
9099 95 1720457997390912164
9099 96 1720457997441079206
9099 97 1720457997501495351
9099 98 1720457997575404662
9099 99 1720457997623679528
9099 100 1720457997671184813
9099 101 1720457997721009770
9099 102 1720457997792223537
9099 103 1720457997856059082
9099 104 1720457997903771766
9099 105 1720457997951702818
9099 106 1720457998015980991
9099 107 1720457998076655498
9099 108 1720457998136081152
9099 109 1720457998186655049
9099 110 1720457998234341218
9099 111 1720457998311133888
9099 112 1720457998366370317
9099 113 1720457998414505704
9099 114 1720457998501491043
9099 115 1720457998554871433
9099 116 1720457998603342604
9099 117 1720457998652165519
9099 118 1720457998701160996
9099 119 1720457998749577193
9099 120 1720457998816357692
9099 121 1720457998886631859
9099 122 1720457998941582596
9099 123 1720457999010752121
9099 124 1720457999091170820
9099 125 1720457999166615348
9099 126 1720457999276747219
9099 127 1720457999401028065
9099 128 1720457999500503262
9099 129 1720457999606193749
9099 130 1720457999720754566
9099 131 1720457999841128916
9099 132 1720457999961337861
9099 133 1720458000061596500
9099 134 1720458000161356006
9099 135 1720458000235383843
9099 136 1720458000306343493
9099 137 1720458000381000116
9099 138 1720458000451597332
9099 139 1720458000526398689
9099 140 1720458000601068871
9099 141 1720458000666751781
9099 142 1720458000741403492
9099 143 1720458000815604566
9099 144 1720458000886295740
9099 145 1720458000960285061
9099 146 1720458001030793040
9099 147 1720458001101398214
9099 148 1720458001176104828
9099 149 1720458001246827258
9099 150 1720458001321186965
9099 151 1720458001391747953
9099 152 1720458001466196260
9099 153 1720458001536787273
9099 154 1720458001610301656
9099 155 1720458001681918232
9099 156 1720458001756377753
9099 157 1720458001826356050
9099 158 1720458001905145000
9099 159 1720458001967051160
9099 160 1720458002031782804
9099 161 1720458002091039689
9099 162 1720458002146409271
9099 163 1720458002201362984
9099 164 1720458002251110586
9099 165 1720458002313524911
9099 166 1720458002361197215
9099 167 1720458002409652334
9099 168 1720458002458500584
9099 169 1720458002506796162
9099 170 1720458002555655945
9099 171 1720458002604274421
9099 172 1720458002652185017
9099 173 1720458002726732581
9099 174 1720458002807026534
9099 175 1720458002881772749
9099 176 1720458002946505879
9099 177 1720458002996372110
9099 178 1720458003046826687
9099 179 1720458003100863288
9099 180 1720458003151771799
9099 181 1720458003211203003
9099 182 1720458003271092704
9099 183 1720458003341175414
9099 184 1720458003411144205
9099 185 1720458003485904504
9099 186 1720458003556749854
9099 187 1720458003631021476
9099 188 1720458003701665126
9099 189 1720458003775431101
9099 190 1720458003846374563
9099 191 1720458003921134943
9099 192 1720458003991211771
9099 193 1720458004061545245
9099 194 1720458004136996901
9099 195 1720458004206269680
9099 196 1720458004281332434
9099 197 1720458004355335215
9099 198 1720458004426031386
9099 199 1720458004496818209
9099 200 1720458004570969779
9099 201 1720458004641546091
9099 202 1720458004715812087
9099 203 1720458004781468832
9099 204 1720458004846265992
9099 205 1720458004901741073
9099 206 1720458004960399241
9099 207 1720458005019058618
9099 208 1720458005070870346
9099 209 1720458005121673893
9099 210 1720458005171406161
9099 211 1720458005219788090
9099 212 1720458005269448744
9099 213 1720458005320343898
9099 214 1720458005368895093
9099 215 1720458005417590670
9099 216 1720458005466283517
9099 217 1720458005514617037
9099 218 1720458005562816735
9099 219 1720458005611084166
9099 220 1720458005658807103
9099 221 1720458005708302266
9099 222 1720458005756341497
9099 223 1720458005805145108
9099 224 1720458005853442487
9099 225 1720458005904954791
9099 226 1720458005955301450
9099 227 1720458006005922371
9099 228 1720458006056004550
9099 229 1720458006104689212
9099 230 1720458006152820232
9099 231 1720458006201733960
9099 232 1720458006249831199
9099 233 1720458006298233691
9099 234 1720458006346796923
9099 235 1720458006397432994
9099 236 1720458006447056646
9099 237 1720458006497311585
9099 238 1720458006547082981
9099 239 1720458006597827838
9099 240 1720458006646033364
9099 241 1720458006694243722
9099 242 1720458006742716034
9099 243 1720458006791215002
9099 244 1720458006839760029
9099 245 1720458006888477632
9099 246 1720458006938401814
9099 247 1720458006989066538
9099 248 1720458007039777978
9099 249 1720458007128448495
9099 250 1720458007218571441
9099 251 1720458007288776074
9099 252 1720458007371925531
9099 253 1720458007463014082
9099 254 1720458007557833834
9099 255 1720458007671344134
9099 256 1720458007762935929
9099 257 1720458007863203858
9099 258 1720458007967235715
9099 259 1720458008083902103
9099 260 1720458008187330715
9099 261 1720458008283609708
9099 262 1720458008374143897
9099 263 1720458008491358336
9099 264 1720458008587189450
9099 265 1720458009116569181
9099 266 1720458009191033328
9099 267 1720458009261389715
9099 268 1720458009336134417
9099 269 1720458009406881055
9099 270 1720458009487497824
9099 271 1720458009556172541
9099 272 1720458009630318356
9099 273 1720458009701636843
9099 274 1720458009775998777
9099 275 1720458009846461031
9099 276 1720458009921531398
9099 277 1720458009996028815
9099 278 1720458010066486659
9099 279 1720458010140877737
9099 280 1720458010212125024
9099 281 1720458010286353393
9099 282 1720458010361019291
9099 283 1720458010432232275
9099 284 1720458010506590456
9099 285 1720458010576602618
9099 286 1720458010650971785
9099 287 1720458010730686512
9099 288 1720458010796593636
9099 289 1720458010861891732
9099 290 1720458010921110521
9099 291 1720458010976562535
9099 292 1720458011030533808
9099 293 1720458011080970363
9099 294 1720458011136955563
9099 295 1720458011186545222
9099 296 1720458011236470719
9099 297 1720458011286264697
9099 298 1720458011334110117
9099 299 1720458011386331712
9099 300 1720458011445129295
9099 301 1720458011509257131
9099 302 1720458011557467210
9099 303 1720458011605736737
9099 304 1720458011654923374
9099 305 1720458011711079774
9099 306 1720458011760800270
9099 307 1720458011809765501
9099 308 1720458011858613770
9099 309 1720458011907094892
9099 310 1720458011955299599
9099 311 1720458012003699457
9099 312 1720458012051403004
9099 313 1720458012099884210
9099 314 1720458012147394047
9099 315 1720458012195599785
9099 316 1720458012243678836
9099 317 1720458012291899454
9099 318 1720458012340012522
9099 319 1720458012388348119
9099 320 1720458012436114951
9099 321 1720458012484560941
9099 322 1720458012532386389
9099 323 1720458012581869121
9099 324 1720458012631566216
9099 325 1720458012685908676
9099 326 1720458012735973920
9099 327 1720458012784632191
9099 328 1720458012835685579
9099 329 1720458012886615607
9099 330 1720458012936443853
9099 331 1720458013001837917
9099 332 1720458013056553484
9099 333 1720458013106365697
9099 334 1720458013156340801
9099 335 1720458013206022849
9099 336 1720458013260588773
9099 337 1720458013309815339
9099 338 1720458013358239478
9099 339 1720458013406637101
9099 340 1720458013461225528
9099 341 1720458013509583637
9099 342 1720458013561612476
9099 343 1720458013616280083
9099 344 1720458013666022533
9099 345 1720458013715687424
9099 346 1720458013763539494
9099 347 1720458013816898129
9099 348 1720458013866388585
9099 349 1720458013924819819
9099 350 1720458013980077524
9099 351 1720458014036393985
9099 352 1720458014084207353
9099 353 1720458014138355563
9099 354 1720458014186688053
9099 355 1720458014234782094
9099 356 1720458014287040834
9099 357 1720458014335459830
9099 358 1720458014383700729
9099 359 1720458014432904683
9099 360 1720458014483244552
9099 361 1720458014536412222
9099 362 1720458014586760503
9099 363 1720458014641319586
9099 364 1720458014695607567
9099 365 1720458014750231513
9099 366 1720458014798380520
9099 367 1720458014886882976
9099 368 1720458014971398137
9099 369 1720458015066750111
9099 370 1720458015159059358
9099 371 1720458015262955650
9099 372 1720458015366938401
9099 373 1720458015466630316
9099 374 1720458015565168854
9099 375 1720458015685829748
9099 376 1720458015786661018
9099 377 1720458015885360107
9099 378 1720458015997004465
9099 379 1720458016090398522
9099 380 1720458016200940395
9099 381 1720458016359602798
9099 382 1720458016446501942
9099 383 1720458016526314995
9099 384 1720458016601136406
9099 385 1720458016676148934
9099 386 1720458016751098996
9099 387 1720458016826335181
9099 388 1720458016901753745
9099 389 1720458016976750875
9099 390 1720458017051806816
9099 391 1720458017130621641
9099 392 1720458017206126219
9099 393 1720458017281188470
9099 394 1720458017356772805
9099 395 1720458017430989089
9099 396 1720458017507562274
9099 397 1720458017583194207
9099 398 1720458017657579650
9099 399 1720458017731836588
9099 400 1720458017806402341
9099 401 1720458017881663324
9099 402 1720458017956574016
9099 403 1720458018036323427
9099 404 1720458018111321222
9099 405 1720458018185681724
9099 406 1720458018254690368
9099 407 1720458018311243518
9099 408 1720458018370570342
9099 409 1720458018425961188
9099 410 1720458018476797125
9099 411 1720458018536104694
9099 412 1720458018583829066
9099 413 1720458018632480325
9099 414 1720458018696310274
9099 415 1720458018776823560
9099 416 1720458018836609626
9099 417 1720458018890294680
9099 418 1720458018938590493
9099 419 1720458018988784865
9099 420 1720458019037792383
9099 421 1720458019088945082
9099 422 1720458019137066313
9099 423 1720458019185638774
9099 424 1720458019237365537
9099 425 1720458019286355820
9099 426 1720458019334325484
9099 427 1720458019384134240
9099 428 1720458019433042609
9099 429 1720458019483482004
9099 430 1720458019533564606
9099 431 1720458019584867088
9099 432 1720458019634644321
9099 433 1720458019685238495
9099 434 1720458019734916501
9099 435 1720458019785143072
9099 436 1720458019834216552
9099 437 1720458019885196468
9099 438 1720458019934804036
9099 439 1720458019985046171
9099 440 1720458020039369513
9099 441 1720458020088362188
9099 442 1720458020136871642
9099 443 1720458020186397327
9099 444 1720458020236312611
9099 445 1720458020286326494
9099 446 1720458020336289339
9099 447 1720458020386031761
9099 448 1720458020435161969
9099 449 1720458020483186866
9099 450 1720458020532860139
9099 451 1720458020581722284
9099 452 1720458020631601229
9099 453 1720458020679649476
9099 454 1720458020727432239
9099 455 1720458020775557516
9099 456 1720458020823574429
9099 457 1720458020871903811
9099 458 1720458020919992374
9099 459 1720458020968286183
9099 460 1720458021021696137
9099 461 1720458021075865378
9099 462 1720458021130330386
9099 463 1720458021186164738
9099 464 1720458021249944833
9099 465 1720458021306339327
9099 466 1720458021366001370
9099 467 1720458021425863411
9099 468 1720458021485830242
9099 469 1720458021546063129
9099 470 1720458021609985133
9099 471 1720458021674175197
9099 472 1720458021726092464
9099 473 1720458021785949659
9099 474 1720458021846113172
9099 475 1720458021907281796
9099 476 1720458021967265953
9099 477 1720458022027059011
9099 478 1720458022086776140
9099 479 1720458022146848116
9099 480 1720458022206893709
9099 481 1720458022267017940
9099 482 1720458022322346604
9099 483 1720458022377028860
9099 484 1720458022426716077
9099 485 1720458022481293856
9099 486 1720458022529692150
9099 487 1720458022579206565
9099 488 1720458022627224602
9099 489 1720458022675561696
9099 490 1720458022723333248
9099 491 1720458022772070758
9099 492 1720458022819796951
9099 493 1720458022891192040
9099 494 1720458023011317104
9099 495 1720458023059834699
9099 496 1720458023108330874
9099 497 1720458023157690641
9099 498 1720458023206011617
9099 499 1720458023256451520
9099 500 1720458023306180021
9099 501 1720458023372091888
9099 502 1720458023486589334
9099 503 1720458023582431369
9099 504 1720458023670826833
9099 505 1720458023776267377
9099 506 1720458023876035241
9099 507 1720458023966807359
9099 508 1720458024076220081
9099 509 1720458024185999553
9099 510 1720458024291401964
9099 511 1720458024401367508
9099 512 1720458024501548660
9099 513 1720458024626852557
9099 514 1720458024706134910
9099 515 1720458024782331380
9099 516 1720458024857620871
9099 517 1720458024936922738
9099 518 1720458025010948735
9099 519 1720458025086460555
9099 520 1720458025166824913
9099 521 1720458025241382347
9099 522 1720458025316568078
9099 523 1720458025395991281
9099 524 1720458025471515678
9099 525 1720458025546564097
9099 526 1720458025626034518
9099 527 1720458025701248688
9099 528 1720458025776585491
9099 529 1720458025855643639
9099 530 1720458025930470741
9099 531 1720458026006348294
9099 532 1720458026081621424
9099 533 1720458026161115079
9099 534 1720458026236039687
9099 535 1720458026307070056
9099 536 1720458026372482697
9099 537 1720458026435837003
9099 538 1720458026491357772
9099 539 1720458026546158591
9099 540 1720458026601652228
9099 541 1720458026656208611
9099 542 1720458026704581564
9099 543 1720458026753433664
9099 544 1720458026805241428
9099 545 1720458026853463296
9099 546 1720458026905506917
9099 547 1720458026954919630
9099 548 1720458027003386390
9099 549 1720458027053890168
9099 550 1720458027102016399
9099 551 1720458027154820222
9099 552 1720458027203473189
9099 553 1720458027252256391
9099 554 1720458027311200272
9099 555 1720458027381713748
9099 556 1720458027435749426
9099 557 1720458027484166421
9099 558 1720458027551286670
9099 559 1720458027601380675
9099 560 1720458027656301660
9099 561 1720458027721383999
9099 562 1720458027781553421
9099 563 1720458027841581622
9099 564 1720458027905349750
9099 565 1720458027966315826
9099 566 1720458028026313368
9099 567 1720458028086224473
9099 568 1720458028146166838
9099 569 1720458028214474350
9099 570 1720458028270974339
9099 571 1720458028327083110
9099 572 1720458028390672951
9099 573 1720458028451188043
9099 574 1720458028511203940
9099 575 1720458028571276901
9099 576 1720458028631069773
9099 577 1720458028691014462
9099 578 1720458028759447840
9099 579 1720458028808149736
9099 580 1720458028865494852
9099 581 1720458028915326831
9099 582 1720458028986236960
9099 583 1720458029036336611
9099 584 1720458029096100727
9099 585 1720458029146537938
9099 586 1720458029201384069
9099 587 1720458029257181326
9099 588 1720458029310973087
9099 589 1720458029361338116
9099 590 1720458029420557003
9099 591 1720458029471548416
9099 592 1720458029521604917
9099 593 1720458029578001631
9099 594 1720458029627643917
9099 595 1720458029684596803
9099 596 1720458029734144407
9099 597 1720458029785970024
9099 598 1720458029835642358
9099 599 1720458029884322617
9099 600 1720458029941775142
9099 601 1720458030004733633
9099 602 1720458030068888620
9099 603 1720458030117504064
9099 604 1720458030167051853
9099 605 1720458030215684530
9099 606 1720458030264066458
9099 607 1720458030313130013
9099 608 1720458030366385680
9099 609 1720458030414975076
9099 610 1720458030464043461
9099 611 1720458030512813399
9099 612 1720458030561314713
9099 613 1720458030616197779
9099 614 1720458030676564066
9099 615 1720458030726865794
9099 616 1720458030785630492
9099 617 1720458030835439677
9099 618 1720458030939001212
9099 619 1720458030991993663
9099 620 1720458031056578326
9099 621 1720458031141528517
9099 622 1720458031227415522
9099 623 1720458031307124423
9099 624 1720458031387367706
9099 625 1720458031477552240
9099 626 1720458031586693186
9099 627 1720458031707128027
9099 628 1720458031801630527
9099 629 1720458031911046371
9099 630 1720458032001866955
9099 631 1720458032101244942
9099 632 1720458032196680087
9099 633 1720458032300684988
9099 634 1720458032381283590
9099 635 1720458032451862368
9099 636 1720458032526244130
9099 637 1720458032601098744
9099 638 1720458032671591685
9099 639 1720458032746264823
9099 640 1720458032820751879
9099 641 1720458032891819191
9099 642 1720458032966407296
9099 643 1720458033041826983
9099 644 1720458033116143894
9099 645 1720458033186764956
9099 646 1720458033261062225
9099 647 1720458033332030708
9099 648 1720458033406100672
9099 649 1720458033481292057
9099 650 1720458033551834742
9099 651 1720458033626310575
9099 652 1720458033700523839
9099 653 1720458033771186570
9099 654 1720458033845395408
9099 655 1720458033916776179
9099 656 1720458033986726576
9099 657 1720458034051308877
9099 658 1720458034111081812
9099 659 1720458034166975082
9099 660 1720458034222075850
9099 661 1720458034272132498
9099 662 1720458034327222656
9099 663 1720458034377165479
9099 664 1720458034426844113
9099 665 1720458034481361099
9099 666 1720458034535068418
9099 667 1720458034585502784
9099 668 1720458034639499574
9099 669 1720458034690226010
9099 670 1720458034740138908
9099 671 1720458034790454893
9099 672 1720458034840646227
9099 673 1720458034890233113
9099 674 1720458034939828186
9099 675 1720458034990694289
9099 676 1720458035040657996
9099 677 1720458035090696363
9099 678 1720458035140203824
9099 679 1720458035190839944
9099 680 1720458035241373902
9099 681 1720458035289704780
9099 682 1720458035342078735
9099 683 1720458035390733503
9099 684 1720458035438785736
9099 685 1720458035487446123
9099 686 1720458035535618812
9099 687 1720458035583397630
9099 688 1720458035632973272
9099 689 1720458035682874021
9099 690 1720458035732051409
9099 691 1720458035780900736
9099 692 1720458035828944266
9099 693 1720458035877507600
9099 694 1720458035925258399
9099 695 1720458035974161443
9099 696 1720458036023546309
9099 697 1720458036072486604
9099 698 1720458036121515050
9099 699 1720458036170422623
9099 700 1720458036219635430
9099 701 1720458036268220865
9099 702 1720458036317367080
9099 703 1720458036366084122
9099 704 1720458036414163482
9099 705 1720458036462577608
9099 706 1720458036510494984
9099 707 1720458036559078342
9099 708 1720458036607260585
9099 709 1720458036656026148
9099 710 1720458036704270608
9099 711 1720458036752180442
9099 712 1720458036800348753
9099 713 1720458036848952401
9099 714 1720458036896889193
9099 715 1720458036945067919
9099 716 1720458036993072636
9099 717 1720458037041294997
9099 718 1720458037089611713
9099 719 1720458037138294938
9099 720 1720458037186971463
9099 721 1720458037235857443
9099 722 1720458037284100476
9099 723 1720458037332413819
9099 724 1720458037380741825
9099 725 1720458037429638175
9099 726 1720458037477757367
9099 727 1720458037526711996
9099 728 1720458037575840216
9099 729 1720458037625209580
9099 730 1720458037674586554
9099 731 1720458037723130181
9099 732 1720458037772259892
9099 733 1720458037820453261
9099 734 1720458037868758180
9099 735 1720458037917504602
9099 736 1720458037966246111
9099 737 1720458038014815214
9099 738 1720458038063179510
9099 739 1720458038111719586
9099 740 1720458038159980424
9099 741 1720458038208357072
9099 742 1720458038256921268
9099 743 1720458038304964312
9099 744 1720458038353070149
9099 745 1720458038401051887
9099 746 1720458038448869663
9099 747 1720458038497802793
9099 748 1720458038546124389
9099 749 1720458038596181146
9099 750 1720458038645836451
9099 751 1720458038694541681
9099 752 1720458038743532233
9099 753 1720458038792449676
9099 754 1720458038841628831
9099 755 1720458038889793401
9099 756 1720458038938112923
9099 757 1720458038988224892
9099 758 1720458039061635013
9099 759 1720458039121500754
9099 760 1720458039206608435
9099 761 1720458039281645576
9099 762 1720458039365724249
9099 763 1720458039450637523
9099 764 1720458039536135220
9099 765 1720458039625351437
9099 766 1720458039707597553
9099 767 1720458039782131787
9099 768 1720458039852264827
9099 769 1720458039926057134
9099 770 1720458039996571027
9099 771 1720458040070708096
9099 772 1720458040141809208
9099 773 1720458040215356402
9099 774 1720458040287022721
9099 775 1720458040361690067
9099 776 1720458040431201692
9099 777 1720458040506206946
9099 778 1720458040576605325
9099 779 1720458040651032279
9099 780 1720458040721882199
9099 781 1720458040795235770
9099 782 1720458040866519639
9099 783 1720458040940811725
9099 784 1720458041011012143
9099 785 1720458041081313846
9099 786 1720458041146671929
9099 787 1720458041206967357
9099 788 1720458041266731737
9099 789 1720458041320013352
9099 790 1720458041371648971
9099 791 1720458041426253454
9099 792 1720458041481632691
9099 793 1720458041536635320
9099 794 1720458041586232224
9099 795 1720458041634755015
9099 796 1720458041682908323
9099 797 1720458041736925536
9099 798 1720458041785135912
9099 799 1720458041833917008
9099 800 1720458041883424531
9099 801 1720458041936325515
9099 802 1720458041984274331
9099 803 1720458042037131926
9099 804 1720458042085362841
9099 805 1720458042137138216
9099 806 1720458042186759356
9099 807 1720458042236007169
9099 808 1720458042284275250
9099 809 1720458042336246285
9099 810 1720458042384213849
9099 811 1720458042435390004
9099 812 1720458042485587101
9099 813 1720458042537710865
9099 814 1720458042587386778
9099 815 1720458042637553176
9099 816 1720458042686052244
9099 817 1720458042740581747
9099 818 1720458042791424093
9099 819 1720458042841493937
9099 820 1720458042891180458
9099 821 1720458042941619176
9099 822 1720458042990762029
9099 823 1720458043042084179
9099 824 1720458043096105263
9099 825 1720458043147919494
9099 826 1720458043207539144
9099 827 1720458043261720802
9099 828 1720458043313055251
9099 829 1720458043366699164
9099 830 1720458043417570279
9099 831 1720458043467435339
9099 832 1720458043521544279
9099 833 1720458043576349336
9099 834 1720458043627008633
9099 835 1720458043686933567
9099 836 1720458043747739607
9099 837 1720458043801783756
9099 838 1720458043857258034
9099 839 1720458043917062693
9099 840 1720458043966827985
9099 841 1720458044016920173
9099 842 1720458044071533477
9099 843 1720458044136200320
9099 844 1720458044190272526
9099 845 1720458044241305383
9099 846 1720458044297073023
9099 847 1720458044347439264
9099 848 1720458044398192241
9099 849 1720458044456132329
9099 850 1720458044506186497
9099 851 1720458044556956528
9099 852 1720458044616044000
9099 853 1720458044666819943
9099 854 1720458044720482158
9099 855 1720458044776275342
9099 856 1720458044826334246
9099 857 1720458044876730629
9099 858 1720458044936080037
9099 859 1720458045015387637
9099 860 1720458045066239566
9099 861 1720458045116324335
9099 862 1720458045170730571
9099 863 1720458045220927030
9099 864 1720458045275375264
9099 865 1720458045326524754
9099 866 1720458045380389708
9099 867 1720458045429332608
9099 868 1720458045486175716
9099 869 1720458045536638600
9099 870 1720458045591114949
9099 871 1720458045641405408
9099 872 1720458045706387358
9099 873 1720458045761206076
9099 874 1720458045816339308
9099 875 1720458045866628159
9099 876 1720458045921152898
9099 877 1720458045971748279
9099 878 1720458046021010141
9099 879 1720458046075836770
9099 880 1720458046125876750
9099 881 1720458046181242202
9099 882 1720458046231881482
9099 883 1720458046286136122
9099 884 1720458046341737839
9099 885 1720458046396165901
9099 886 1720458046446350173
9099 887 1720458046506315854
9099 888 1720458046556882484
9099 889 1720458046607454261
9099 890 1720458046671210232
9099 891 1720458046726838711
9099 892 1720458046781104704
9099 893 1720458046831873346
9099 894 1720458046967108021
9099 895 1720458047046733342
9099 896 1720458047131199826
9099 897 1720458047196577564
9099 898 1720458047271211302
9099 899 1720458047362775467
9099 900 1720458047452061552
9099 901 1720458047556928872
9099 902 1720458047671567396
9099 903 1720458047767708273
9099 904 1720458047847706436
9099 905 1720458047922296788
9099 906 1720458047997428728
9099 907 1720458048072688652
9099 908 1720458048147302612
9099 909 1720458048222796840
9099 910 1720458048301203515
9099 911 1720458048376585596
9099 912 1720458048451423087
9099 913 1720458048526562223
9099 914 1720458048601700318
9099 915 1720458048676282200
9099 916 1720458048751155109
9099 917 1720458048826277996
9099 918 1720458048901831567
9099 919 1720458048977508202
9099 920 1720458049052407245
9099 921 1720458049127320745
9099 922 1720458049202705676
9099 923 1720458049277390714
9099 924 1720458049342303283
9099 925 1720458049406309148
9099 926 1720458049462017329
9099 927 1720458049516469094
9099 928 1720458049571879315
9099 929 1720458049627232594
9099 930 1720458049677623163
9099 931 1720458049728413642
9099 932 1720458049777686282
9099 933 1720458049827702946
9099 934 1720458049876593923
9099 935 1720458049927482353
9099 936 1720458049977542118
9099 937 1720458050048050723
9099 938 1720458050128036378
9099 939 1720458050203524631
9099 940 1720458050261648437
9099 941 1720458050312288994
9099 942 1720458050366398449
9099 943 1720458050425637865
9099 944 1720458050482151712
9099 945 1720458050541287688
9099 946 1720458050606093785
9099 947 1720458050672111321
9099 948 1720458050746529423
9099 949 1720458050822409616
9099 950 1720458050897684655
9099 951 1720458050976753862
9099 952 1720458051052076793
9099 953 1720458051126511162
9099 954 1720458051201480272
9099 955 1720458051276836036
9099 956 1720458051352092354
9099 957 1720458051427646559
9099 958 1720458051502613638
9099 959 1720458051576536457
9099 960 1720458051652102473
9099 961 1720458051726637376
9099 962 1720458051802319198
9099 963 1720458051877372338
9099 964 1720458051955641218
9099 965 1720458052021897912
9099 966 1720458052086356057
9099 967 1720458052146287984
9099 968 1720458052202474008
9099 969 1720458052259128346
9099 970 1720458052311976909
9099 971 1720458052365644756
9099 972 1720458052414833618
9099 973 1720458052464982185
9099 974 1720458052515418831
9099 975 1720458052565305060
9099 976 1720458052616916229
9099 977 1720458052696852605
9099 978 1720458052776367508
9099 979 1720458052847679711
9099 980 1720458052898299061
9099 981 1720458052956482426
9099 982 1720458053021504608
9099 983 1720458053071911464
9099 984 1720458053127139336
9099 985 1720458053181326453
9099 986 1720458053241122088
9099 987 1720458053302598345
9099 988 1720458053372134259
9099 989 1720458053447633140
9099 990 1720458053522240308
9099 991 1720458053597232210
9099 992 1720458053672798147
9099 993 1720458053747978282
9099 994 1720458053822251413
9099 995 1720458053897766359
9099 996 1720458053976513489
9099 997 1720458054050566141
9099 998 1720458054126157347
9099 999 1720458054201102411
9099 1000 1720458054276401724
9099 1001 1720458054352003308
9099 1002 1720458054426851219
9099 1003 1720458054501801366
9099 1004 1720458054577137668
9099 1005 1720458054646030843
9099 1006 1720458054706983256
9099 1007 1720458054766962720
9099 1008 1720458054822072982
9099 1009 1720458054911840803
9099 1010 1720458054991141934
9099 1011 1720458055056296967
9099 1012 1720458055111116289
9099 1013 1720458055175797306
9099 1014 1720458055226938373
9099 1015 1720458055286373207
9099 1016 1720458055376464638
9099 1017 1720458055461443663
9099 1018 1720458055546462717
9099 1019 1720458055646393999
9099 1020 1720458055741756229
9099 1021 1720458055837081246
9099 1022 1720458055911468228
9099 1023 1720458055986512254
9099 1024 1720458056061890546
9099 1025 1720458056136989028
9099 1026 1720458056215502099
9099 1027 1720458056291305153
9099 1028 1720458056366466401
9099 1029 1720458056442120666
9099 1030 1720458056517045286
9099 1031 1720458056596005385
9099 1032 1720458056671117065
9099 1033 1720458056746184677
9099 1034 1720458056826066490
9099 1035 1720458056897298168
9099 1036 1720458056976691925
9099 1037 1720458057051255354
9099 1038 1720458057126822318
9099 1039 1720458057202334057
9099 1040 1720458057279363768
9099 1041 1720458057346321712
9099 1042 1720458057416164201
9099 1043 1720458057481898259
9099 1044 1720458057536461325
9099 1045 1720458057592424916
9099 1046 1720458057647244267
9099 1047 1720458057716655391
9099 1048 1720458057777127562
9099 1049 1720458057827614144
9099 1050 1720458057881448495
9099 1051 1720458057932868880
9099 1052 1720458057982715856
9099 1053 1720458058042754247
9099 1054 1720458058097681559
9099 1055 1720458058149390127
9099 1056 1720458058202730757
9099 1057 1720458058257715704
9099 1058 1720458058307697044
9099 1059 1720458058357588377
9099 1060 1720458058407477040
9099 1061 1720458058461846691
9099 1062 1720458058512495284
9099 1063 1720458058562609736
9099 1064 1720458058616094584
9099 1065 1720458058669332188
9099 1066 1720458058718453527
9099 1067 1720458058769172376
9099 1068 1720458058821115388
9099 1069 1720458058871502504
9099 1070 1720458058921369701
9099 1071 1720458058982552313
9099 1072 1720458059036128425
9099 1073 1720458059086745651
9099 1074 1720458059141998083
9099 1075 1720458059196547733
9099 1076 1720458059246465730
9099 1077 1720458059301197953
9099 1078 1720458059353349782
9099 1079 1720458059404198565
9099 1080 1720458059462647850
9099 1081 1720458059513748262
9099 1082 1720458059565578418
9099 1083 1720458059617091497
9099 1084 1720458059668148195
9099 1085 1720458059718903457
9099 1086 1720458059772152081
9099 1087 1720458059830639750
9099 1088 1720458059879573125
9099 1089 1720458059929501852
9099 1090 1720458059983450632
9099 1091 1720458060032723150
9099 1092 1720458060081987733
9099 1093 1720458060136756004
9099 1094 1720458060187574627
9099 1095 1720458060237854570
9099 1096 1720458060288217588
9099 1097 1720458060340728420
9099 1098 1720458060391483353
9099 1099 1720458060441899166
9099 1100 1720458060497250377
9099 1101 1720458060546736713
9099 1102 1720458060606282915
9099 1103 1720458060656947932
9099 1104 1720458060715548210
9099 1105 1720458060766094927
9099 1106 1720458060821395815
9099 1107 1720458060872296841
9099 1108 1720458060921790096
9099 1109 1720458061006609912
9099 1110 1720458061066937149
9099 1111 1720458061122015947
9099 1112 1720458061177411883
9099 1113 1720458061226886645
9099 1114 1720458061282322564
9099 1115 1720458061337621570
9099 1116 1720458061397489242
9099 1117 1720458061447979266
9099 1118 1720458061507677206
9099 1119 1720458061567706223
9099 1120 1720458061617681338
9099 1121 1720458061671502660
9099 1122 1720458061722416234
9099 1123 1720458061776484091
9099 1124 1720458061826477721
9099 1125 1720458061876492301
9099 1126 1720458061926933859
9099 1127 1720458061985187748
9099 1128 1720458062033955543
9099 1129 1720458062083890203
9099 1130 1720458062133612076
9099 1131 1720458062183176166
9099 1132 1720458062232268340
9099 1133 1720458062281565382
9099 1134 1720458062338200348
9099 1135 1720458062391955447
9099 1136 1720458062441573062
9099 1137 1720458062492361279
9099 1138 1720458062546145398
9099 1139 1720458062596412004
9099 1140 1720458062646732308
9099 1141 1720458062701891014
9099 1142 1720458062757199594
9099 1143 1720458062816573110
9099 1144 1720458062896830859
9099 1145 1720458062961184090
9099 1146 1720458063026964667
9099 1147 1720458063082700095
9099 1148 1720458063142586783
9099 1149 1720458063202218517
9099 1150 1720458063272151329
9099 1151 1720458063351217239
9099 1152 1720458063449273126
9099 1153 1720458063541970211
9099 1154 1720458063651813057
9099 1155 1720458063726796299
9099 1156 1720458063802522160
9099 1157 1720458063876906032
9099 1158 1720458063952064195
9099 1159 1720458064027225840
9099 1160 1720458064101198685
9099 1161 1720458064175922620
9099 1162 1720458064252926242
9099 1163 1720458064330887851
9099 1164 1720458064405473189
9099 1165 1720458064476236740
9099 1166 1720458064551272018
9099 1167 1720458064625608945
9099 1168 1720458064696893211
9099 1169 1720458064776061629
9099 1170 1720458064847635887
9099 1171 1720458064922204773
9099 1172 1720458064997895963
9099 1173 1720458065072736711
9099 1174 1720458065137568587
9099 1175 1720458065202068745
9099 1176 1720458065261640101
9099 1177 1720458065316046597
9099 1178 1720458065367925347
9099 1179 1720458065423174720
9099 1180 1720458065474376753
9099 1181 1720458065525560847
9099 1182 1720458065580492169
9099 1183 1720458065631692096
9099 1184 1720458065682289423
9099 1185 1720458065732643905
9099 1186 1720458065782492891
9099 1187 1720458065833579210
9099 1188 1720458065882854565
9099 1189 1720458065931501928
9099 1190 1720458065980810524
9099 1191 1720458066029781645
9099 1192 1720458066079334787
9099 1193 1720458066128562782
9099 1194 1720458066177716835
9099 1195 1720458066229607753
9099 1196 1720458066279980758
9099 1197 1720458066331078104
9099 1198 1720458066381538063
9099 1199 1720458066434664636
9099 1200 1720458066484375081
9099 1201 1720458066535462995
9099 1202 1720458066584572851
9099 1203 1720458066640684348
9099 1204 1720458066698732551
9099 1205 1720458066747050323
9099 1206 1720458066795032708
9099 1207 1720458066843156934
9099 1208 1720458066891595472
9099 1209 1720458066939430139
9099 1210 1720458066987925774
9099 1211 1720458067036583896
9099 1212 1720458067084686378
9099 1213 1720458067133124050
9099 1214 1720458067180781863
9099 1215 1720458067229132513
9099 1216 1720458067276998994
9099 1217 1720458067324780014
9099 1218 1720458067373505286
9099 1219 1720458067421348206
9099 1220 1720458067469379788
9099 1221 1720458067517706173
9099 1222 1720458067566248516
9099 1223 1720458067615690209
9099 1224 1720458067663970450
9099 1225 1720458067712093325
9099 1226 1720458067760322434
9099 1227 1720458067808235393
9099 1228 1720458067857349980
9099 1229 1720458067907117312
9099 1230 1720458067955931926
9099 1231 1720458068006041827
9099 1232 1720458068056174258
9099 1233 1720458068106274486
9099 1234 1720458068155032097
9099 1235 1720458068203191581
9099 1236 1720458068251651027
9099 1237 1720458068300132583
9099 1238 1720458068348494795
9099 1239 1720458068402830093
9099 1240 1720458068451068364
9099 1241 1720458068499797552
9099 1242 1720458068548158390
9099 1243 1720458068596088698
9099 1244 1720458068644713393
9099 1245 1720458068692487740
9099 1246 1720458068741310329
9099 1247 1720458068789557058
9099 1248 1720458068837224773
9099 1249 1720458068885684858
9099 1250 1720458068933752192
9099 1251 1720458068981525332
9099 1252 1720458069029475824
9099 1253 1720458069077127572
9099 1254 1720458069125176968
9099 1255 1720458069173332753
9099 1256 1720458069222362791
9099 1257 1720458069271501867
9099 1258 1720458069319588833
9099 1259 1720458069368459520
9099 1260 1720458069417552083
9099 1261 1720458069466644106
9099 1262 1720458069520133558
9099 1263 1720458069570080579
9099 1264 1720458069618532582
9099 1265 1720458069666210920
9099 1266 1720458069714376790
9099 1267 1720458069762742393
9099 1268 1720458070097443487
9099 1269 1720458070147721354
9099 1270 1720458070198126607
9099 1271 1720458070247719644
9099 1272 1720458070302056030
9099 1273 1720458070351074782
9099 1274 1720458070406323961
9099 1275 1720458070457015598
9099 1276 1720458070507363115
9099 1277 1720458070558042967
9099 1278 1720458070607629285
9099 1279 1720458070661876698
9099 1280 1720458070711295531
9099 1281 1720458070762017290
9099 1282 1720458070815861963
9099 1283 1720458070866539151
9099 1284 1720458070941642984
9099 1285 1720458071015959042
9099 1286 1720458071090536873
9099 1287 1720458071156197926
9099 1288 1720458071240946418
9099 1289 1720458071297420263
9099 1290 1720458071382270546
9099 1291 1720458071482120406
9099 1292 1720458071581806391
9099 1293 1720458071652897194
9099 1294 1720458071726047484
9099 1295 1720458071796668080
9099 1296 1720458071871042935
9099 1297 1720458071941500634
9099 1298 1720458072016112422
9099 1299 1720458072086552761
9099 1300 1720458072161178438
9099 1301 1720458072231345972
9099 1302 1720458072306304050
9099 1303 1720458072377052809
9099 1304 1720458072452280968
9099 1305 1720458072521968870
9099 1306 1720458072595896428
9099 1307 1720458072666571833
9099 1308 1720458072741953729
9099 1309 1720458072811719217
9099 1310 1720458072886047782
9099 1311 1720458072956974258
9099 1312 1720458073022883626
9099 1313 1720458073087091330
9099 1314 1720458073142132685
9099 1315 1720458073197457734
9099 1316 1720458073252159949
9099 1317 1720458073302364173
9099 1318 1720458073365474607
9099 1319 1720458073416274549
9099 1320 1720458073466387950
9099 1321 1720458073521722008
9099 1322 1720458073571850915
9099 1323 1720458073622888837
9099 1324 1720458073676974930
9099 1325 1720458073727024936
9099 1326 1720458073776809150
9099 1327 1720458073826222436
9099 1328 1720458073881419296
9099 1329 1720458073936038804
9099 1330 1720458073983778957
9099 1331 1720458074036179925
9099 1332 1720458074086263956
9099 1333 1720458074142361382
9099 1334 1720458074192343420
9099 1335 1720458074242819251
9099 1336 1720458074297106764
9099 1337 1720458074345576823
9099 1338 1720458074397917885
9099 1339 1720458074447152301
9099 1340 1720458074506701382
9099 1341 1720458074556939815
9099 1342 1720458074606644102
9099 1343 1720458074656450671
9099 1344 1720458074706496239
9099 1345 1720458074756129602
9099 1346 1720458074808084879
9099 1347 1720458074862155585
9099 1348 1720458074911966501
9099 1349 1720458074961283328
9099 1350 1720458075012779696
9099 1351 1720458075062863012
9099 1352 1720458075116213852
9099 1353 1720458075165102570
9099 1354 1720458075216409793
9099 1355 1720458075266924898
9099 1356 1720458075316699235
9099 1357 1720458075367300747
9099 1358 1720458075421304269
9099 1359 1720458075470644221
9099 1360 1720458075521545961
9099 1361 1720458075571704114
9099 1362 1720458075621372017
9099 1363 1720458075672209391
9099 1364 1720458075721728374
9099 1365 1720458075776763937
9099 1366 1720458075826402824
9099 1367 1720458075881699863
9099 1368 1720458075937106874
9099 1369 1720458075986179535
9099 1370 1720458076036237189
9099 1371 1720458076085848598
9099 1372 1720458076136918314
9099 1373 1720458076201098111
9099 1374 1720458076276440834
9099 1375 1720458076326222059
9099 1376 1720458076381953276
9099 1377 1720458076431880575
9099 1378 1720458076482535690
9099 1379 1720458076536756104
9099 1380 1720458076586857322
9099 1381 1720458076636795514
9099 1382 1720458076687360963
9099 1383 1720458076741755868
9099 1384 1720458076791638672
9099 1385 1720458076847086562
9099 1386 1720458076896981961
9099 1387 1720458076947527168
9099 1388 1720458077002229294
9099 1389 1720458077057348452
9099 1390 1720458077106921678
9099 1391 1720458077156556912
9099 1392 1720458077206395554
9099 1393 1720458077257380398
9099 1394 1720458077306558519
9099 1395 1720458077360482475
9099 1396 1720458077408915375
9099 1397 1720458077460928963
9099 1398 1720458077512111104
9099 1399 1720458077562420644
9099 1400 1720458077612126322
9099 1401 1720458077660905280
9099 1402 1720458077710200277
9099 1403 1720458077759927837
9099 1404 1720458077808900162
9099 1405 1720458077861662204
9099 1406 1720458077912277601
9099 1407 1720458077962612992
9099 1408 1720458078018115430
9099 1409 1720458078072814203
9099 1410 1720458078128459787
9099 1411 1720458078182606693
9099 1412 1720458078236453809
9099 1413 1720458078284930667
9099 1414 1720458078336397128
9099 1415 1720458078386627901
9099 1416 1720458078441349574
9099 1417 1720458078491711742
9099 1418 1720458078541820388
9099 1419 1720458078591618229
9099 1420 1720458078641770088
9099 1421 1720458078691252835
9099 1422 1720458078741754709
9099 1423 1720458078790764579
9099 1424 1720458078839111753
9099 1425 1720458078887486452
9099 1426 1720458078966525383
9099 1427 1720458079076789624
9099 1428 1720458079156544041
9099 1429 1720458079221826075
9099 1430 1720458079305957986
9099 1431 1720458079376570811
9099 1432 1720458079466030827
9099 1433 1720458079551766215
9099 1434 1720458079626479256
9099 1435 1720458079696414774
9099 1436 1720458079771751398
9099 1437 1720458079845839967
9099 1438 1720458079917001318
9099 1439 1720458079991338205
9099 1440 1720458080061662333
9099 1441 1720458080137741818
9099 1442 1720458080206687428
9099 1443 1720458080281522933
9099 1444 1720458080355923736
9099 1445 1720458080426557217
9099 1446 1720458080501227688
9099 1447 1720458080571736877
9099 1448 1720458080645950184
9099 1449 1720458080716940345
9099 1450 1720458080791536234
9099 1451 1720458080866055633
9099 1452 1720458080939746428
9099 1453 1720458080992309918
9099 1454 1720458081054752493
9099 1455 1720458081103717842
9099 1456 1720458081155924141
9099 1457 1720458081205414866
9099 1458 1720458081258903566
9099 1459 1720458081307490854
9099 1460 1720458081355684384
9099 1461 1720458081404671727
9099 1462 1720458081452702121
9099 1463 1720458081500948720
9099 1464 1720458081548899084
9099 1465 1720458081597226152
9099 1466 1720458081645592359
9099 1467 1720458081695692117
9099 1468 1720458081745290183
9099 1469 1720458081795287171
9099 1470 1720458081844896935
9099 1471 1720458081895685760
9099 1472 1720458081945568431
9099 1473 1720458081994822718
9099 1474 1720458082043176362
9099 1475 1720458082095905512
9099 1476 1720458082151912439
9099 1477 1720458082201264692
9099 1478 1720458082249400252
9099 1479 1720458082297980442
9099 1480 1720458082345756571
9099 1481 1720458082394219858
9099 1482 1720458082443936814
9099 1483 1720458082493982687
9099 1484 1720458082543000857
9099 1485 1720458082593506259
9099 1486 1720458082642612744
9099 1487 1720458082690614974
9099 1488 1720458082739473470
9099 1489 1720458082787266422
9099 1490 1720458082836850849
9099 1491 1720458082886802612
9099 1492 1720458082939900785
9099 1493 1720458082987713774
9099 1494 1720458083036305238
9099 1495 1720458083084681207
9099 1496 1720458083133166846
9099 1497 1720458083182972538
9099 1498 1720458083232617069
9099 1499 1720458083282140782
9099 1500 1720458083332018538
9099 1501 1720458083381838087
9099 1502 1720458083430691860
9099 1503 1720458083478864009
9099 1504 1720458083537208904
9099 1505 1720458083590315892
9099 1506 1720458083640413796
9099 1507 1720458083691106846
9099 1508 1720458083741590397
9099 1509 1720458083790795196
9099 1510 1720458083839215598
9099 1511 1720458083888260961
9099 1512 1720458083938699799
9099 1513 1720458083988592908
9099 1514 1720458084037384341
9099 1515 1720458084087434634
9099 1516 1720458084137308095
9099 1517 1720458084187350270
9099 1518 1720458084237292878
9099 1519 1720458084287159136
9099 1520 1720458084337298531
9099 1521 1720458084387073813
9099 1522 1720458084436589050
9099 1523 1720458084486097227
9099 1524 1720458084536432177
9099 1525 1720458084586480722
9099 1526 1720458084637620216
9099 1527 1720458084687190380
9099 1528 1720458084737150320
9099 1529 1720458084787435360
9099 1530 1720458084837355357
9099 1531 1720458084886554724
9099 1532 1720458084936612844
9099 1533 1720458084986357525
9099 1534 1720458085036389381
9099 1535 1720458085086187690
9099 1536 1720458085136349354
9099 1537 1720458085186910843
9099 1538 1720458085236726058
9099 1539 1720458085286884219
9099 1540 1720458085336902868
9099 1541 1720458085387450297
9099 1542 1720458085437582398
9099 1543 1720458085489243789
9099 1544 1720458085539207086
9099 1545 1720458085590549005
9099 1546 1720458085641151478
9099 1547 1720458085695048681
9099 1548 1720458085744723059
9099 1549 1720458085795918454
9099 1550 1720458085845927574
9099 1551 1720458085896163325
9099 1552 1720458085946604941
9099 1553 1720458085995270519
9099 1554 1720458086043891109
9099 1555 1720458086092789384
9099 1556 1720458086145735159
9099 1557 1720458086200564374
9099 1558 1720458086254766585
9099 1559 1720458086305229775
9099 1560 1720458086356041287
9099 1561 1720458086406047128
9099 1562 1720458086456550009
9099 1563 1720458086506131692
9099 1564 1720458086556719762
9099 1565 1720458086611107799
9099 1566 1720458086665731444
9099 1567 1720458086716287183
9099 1568 1720458086766478006
9099 1569 1720458086815172442
9099 1570 1720458086863933962
9099 1571 1720458086912422722
9099 1572 1720458086961804690
9099 1573 1720458087010284507
9099 1574 1720458087059052651
9099 1575 1720458087107642502
9099 1576 1720458087156702523
9099 1577 1720458087209611267
9099 1578 1720458087258449944
9099 1579 1720458087307209300
9099 1580 1720458087355851102
9099 1581 1720458087404798382
9099 1582 1720458087453327160
9099 1583 1720458087504886712
9099 1584 1720458087555185693
9099 1585 1720458087606176495
9099 1586 1720458087656813874
9099 1587 1720458087727700655
9099 1588 1720458087806486696
9099 1589 1720458087876313852
9099 1590 1720458087953038418
9099 1591 1720458088021359250
9099 1592 1720458088096450270
9099 1593 1720458088166745145
9099 1594 1720458088241161721
9099 1595 1720458088316289658
9099 1596 1720458088387313228
9099 1597 1720458088462403313
9099 1598 1720458088532566239
9099 1599 1720458088606496702
9099 1600 1720458088681434209
9099 1601 1720458088752646757
9099 1602 1720458088826931593
9099 1603 1720458088896461884
9099 1604 1720458088961593278
9099 1605 1720458089016926253
9099 1606 1720458089077140094
9099 1607 1720458089127565352
9099 1608 1720458089182205332
9099 1609 1720458089232083454
9099 1610 1720458089281166599
9099 1611 1720458089330205282
9099 1612 1720458089379270098
9099 1613 1720458089428483199
9099 1614 1720458089476832211
9099 1615 1720458089526034901
9099 1616 1720458089574501304
9099 1617 1720458089624555994
9099 1618 1720458089673345980
9099 1619 1720458089736168430
9099 1620 1720458089790971356
9099 1621 1720458089841198338
9099 1622 1720458089889828947
9099 1623 1720458089940486610
9099 1624 1720458089991293102
9099 1625 1720458090041142956
9099 1626 1720458090096323659
9099 1627 1720458090157163311
9099 1628 1720458090222244689
9099 1629 1720458090282118713
9099 1630 1720458090351429813
9099 1631 1720458090416124164
